[0.000866209, -4.249e-06, -9.24e-07, -0.000958223]
[0.001408411, -4.204e-06, -8.62e-07, -0.001547232]
[0.001609325, -4.154e-06, -5.91e-07, -0.001853966]
[0.001925259, -4.092e-06, -6.86e-07, -0.00219608]
[0.001795549, -4.249e-06, -9.33e-07, -0.001970494]
[0.001271559, -4.275e-06, -9.43e-07, -0.001322491]
[0.000716725, -4.192e-06, -7.17e-07, -0.000648556]
[0.000161021, -4.339e-06, -7.48e-07, 5.213e-06]
[-0.000808316, -4.42e-06, -7.58e-07, 0.001005341]
[-0.001751366, -4.204e-06, -6.84e-07, 0.001888207]
[-0.001968266, -4.018e-06, -7.5e-07, 0.002102679]
[-0.001920122, -4.147e-06, -7.22e-07, 0.002088218]
[-0.001666358, -4.142e-06, -7.5e-07, 0.001801799]
[-0.001071224, -4.322e-06, -5.82e-07, 0.001144762]
[-0.000681679, -4.251e-06, -6.27e-07, 0.000645953]
[-0.000391961, -4.192e-06, -6.29e-07, 0.000218852]
[0.000265884, -4.334e-06, -6.96e-07, -0.000553388]
[0.001284835, -4.308e-06, -8.12e-07, -0.001568192]
[0.002239552, -4.37e-06, -7.67e-07, -0.002405418]
[0.002892355, -4.491e-06, -7.88e-07, -0.002907146]
[0.002948979, -4.375e-06, -7.22e-07, -0.002861137]
[0.001815462, -4.249e-06, -7.01e-07, -0.001704826]
[0.000124705, -4.113e-06, -7.17e-07, -6.2158e-05]
[-0.0012742, -4.101e-06, -8.41e-07, 0.001327896]
[-0.002269963, -4.318e-06, -7.5e-07, 0.002350559]
[-0.002793541, -4.379e-06, -9.64e-07, 0.002904348]
[-0.002676384, -4.249e-06, -9.93e-07, 0.002788393]
[-0.001993174, -4.446e-06, -8.93e-07, 0.002111575]
[-0.001282759, -4.244e-06, -7.43e-07, 0.001325115]
[-0.000524545, -4.044e-06, -7.27e-07, 0.000424257]
[0.000583224, -4.168e-06, -8.36e-07, -0.000745546]
[0.001704762, -4.303e-06, -7.96e-07, -0.001823617]
[0.002487743, -4.246e-06, -8.22e-07, -0.002568513]
[0.002981636, -4.175e-06, -9.67e-07, -0.003009467]
[0.002576993, -4.225e-06, -9.31e-07, -0.002577725]
[0.001166307, -4.18e-06, -8.36e-07, -0.001215918]
[-9.8073e-05, -4.394e-06, -8.05e-07, 8.583e-06]
[-0.000739388, -4.299e-06, -7.93e-07, 0.000710362]
[-0.001252695, -4.327e-06, -9e-07, 0.00131917]
[-0.001325564, -4.22e-06, -9.14e-07, 0.001511193]
[-0.001105211, -4.365e-06, -8.05e-07, 0.001388332]
[-0.001212859, -4.467e-06, -8.95e-07, 0.001488273]
[-0.001525138, -4.367e-06, -7.88e-07, 0.001646183]
[-0.001281904, -4.31e-06, -7.58e-07, 0.001230664]
[-0.00071445, -4.391e-06, -7.74e-07, 0.000589493]
[-0.00027762, -4.384e-06, -7.55e-07, 8.081e-05]
[0.000596889, -4.348e-06, -8.31e-07, -0.000802099]
[0.001514375, -4.315e-06, -9.19e-07, -0.00167126]
[0.001697616, -4.436e-06, -9.1e-07, -0.001853593]
[0.001561671, -4.37e-06, -9.74e-07, -0.001744631]
[0.001739639, -4.339e-06, -8.22e-07, -0.001889187]
[0.001767383, -4.199e-06, -7.58e-07, -0.001740995]
[0.001138713, -4.177e-06, -7.6e-07, -0.000948702]
[0.000344969, -4.379e-06, -8.62e-07, -7.5302e-05]
[-0.00057732, -4.282e-06, -9.05e-07, 0.000877648]
[-0.001779435, -4.158e-06, -9.48e-07, 0.001989272]
[-0.002459504, -4.142e-06, -7.55e-07, 0.002489021]
[-0.002287712, -4.306e-06, -8.03e-07, 0.002198921]
[-0.001713573, -4.417e-06, -7.03e-07, 0.001594278]
[-0.000921443, -4.173e-06, -6.48e-07, 0.000827729]
[4.9908e-05, -4.135e-06, -7.6e-07, -0.000106601]
[0.000627194, -4.244e-06, -7.15e-07, -0.000679774]
[0.000694572, -4.294e-06, -7.31e-07, -0.000823717]
[0.000774104, -4.348e-06, -7.62e-07, -0.000983378]
[0.000856662, -4.353e-06, -7.15e-07, -0.001060409]
[0.0007842, -4.287e-06, -8.19e-07, -0.000883657]
[0.0010592, -4.477e-06, -8.19e-07, -0.000974617]
[0.001113103, -4.451e-06, -7.88e-07, -0.000887077]
[0.000593642, -4.451e-06, -6.93e-07, -0.000317387]
[-0.000270213, -4.289e-06, -7.17e-07, 0.000469688]
[-0.000895541, -4.082e-06, -7.77e-07, 0.000950011]
[-0.001053018, -4.187e-06, -8.48e-07, 0.001041721]
[-0.000768402, -4.344e-06, -8.93e-07, 0.000756]
[6.4283e-05, -4.382e-06, -8.69e-07, -5.2715e-05]
[0.000775914, -4.308e-06, -1.007e-06, -0.000708106]
[0.000425691, -4.185e-06, -7.96e-07, -0.000454833]
[-0.000283289, -4.303e-06, -7.12e-07, 9.4271e-05]
[-0.000774693, -4.272e-06, -6.44e-07, 0.000494199]
[-0.001014926, -4.265e-06, -7.39e-07, 0.000742302]
[-0.000574147, -4.275e-06, -7.27e-07, 0.000444771]
[0.000291285, -4.519e-06, -7.98e-07, -0.000199855]
[0.000747771, -4.455e-06, -7.67e-07, -0.000507753]
[0.000229919, -4.303e-06, -7.55e-07, 2.306e-06]
[-0.000675485, -4.277e-06, -7.74e-07, 0.000772855]
[-0.001284395, -4.287e-06, -6.41e-07, 0.00127011]
[-0.001128841, -4.358e-06, -6.72e-07, 0.001126922]
[-0.000220576, -4.422e-06, -9.36e-07, 0.000267339]
[0.001149175, -4.401e-06, -8.31e-07, -0.001044918]
[0.00188354, -4.308e-06, -5.53e-07, -0.001774574]
[0.001519075, -4.204e-06, -5.56e-07, -0.001545617]
[0.000842526, -4.413e-06, -6.91e-07, -0.001058968]
[0.0003824, -4.36e-06, -7.12e-07, -0.000652456]
[2.1103e-05, -4.08e-06, -9.12e-07, -0.000218476]
[-6.3616e-05, -4.137e-06, -8.12e-07, 7.711e-06]
[6.4506e-05, -4.177e-06, -8.45e-07, 2.1673e-05]
[-0.000428484, -4.118e-06, -8.43e-07, 0.000575581]
[-0.001068009, -4.31e-06, -6.65e-07, 0.00117986]
[-0.001318605, -4.474e-06, -6.51e-07, 0.00135814]
[-0.001241377, -4.401e-06, -8.17e-07, 0.001235475]
[-0.000779941, -4.31e-06, -9.38e-07, 0.000858291]
[-3.6245e-05, -4.479e-06, -9.88e-07, 0.000239152]
[0.000603367, -4.372e-06, -8.41e-07, -0.000420808]
[0.00075761, -4.192e-06, -7.6e-07, -0.000704601]
[0.000479831, -4.258e-06, -7.43e-07, -0.000604799]
[0.000354443, -4.322e-06, -7.84e-07, -0.000605403]
[0.000412052, -4.296e-06, -8.62e-07, -0.000673084]
[0.000629403, -4.234e-06, -8.38e-07, -0.000811439]
[0.000980848, -4.168e-06, -8e-07, -0.00099932]
[0.000681189, -4.268e-06, -7.17e-07, -0.000622927]
[-0.000252812, -4.294e-06, -7.17e-07, 0.000275946]
[-0.001140642, -4.284e-06, -6.77e-07, 0.001116779]
[-0.001431618, -4.462e-06, -8.6e-07, 0.001412645]
[-0.001345895, -4.382e-06, -9.31e-07, 0.001408497]
[-0.0006332, -4.334e-06, -9.21e-07, 0.000822777]
[0.000476468, -4.341e-06, -7.96e-07, -0.000192719]
[0.001091959, -4.268e-06, -7.74e-07, -0.000822359]
[0.000944508, -4.261e-06, -8.03e-07, -0.000852992]
[0.000634917, -4.218e-06, -8.6e-07, -0.000749272]
[0.000325486, -4.097e-06, -8.88e-07, -0.000570836]
[9.234e-05, -4.339e-06, -9.69e-07, -0.000367749]
[0.000490252, -4.272e-06, -8.6e-07, -0.000655467]
[0.000876435, -4.261e-06, -7.98e-07, -0.000939858]
[0.0006769, -4.32e-06, -8.41e-07, -0.000718724]
[-6.58e-07, -4.284e-06, -7.53e-07, -5.1207e-05]
[-0.00060117, -4.303e-06, -9.17e-07, 0.000578343]
[-0.001294308, -4.394e-06, -8.53e-07, 0.001319137]
[-0.001658929, -4.527e-06, -8.88e-07, 0.001757358]
[-0.001477064, -4.384e-06, -9.02e-07, 0.001656775]
[-0.001234257, -4.329e-06, -9.64e-07, 0.001452923]
[-0.001235499, -4.372e-06, -8.07e-07, 0.001385817]
[-0.001063135, -4.329e-06, -7.74e-07, 0.001070284]
[-0.00029176, -4.289e-06, -8.36e-07, 0.000191892]
[0.000790113, -4.313e-06, -7.67e-07, -0.000896659]
[0.001953228, -4.268e-06, -7.55e-07, -0.002015666]
[0.003109874, -4.32e-06, -8.22e-07, -0.003102218]
[0.003269309, -4.137e-06, -8.17e-07, -0.003224649]
[0.002398826, -4.054e-06, -7.67e-07, -0.002435923]
[0.0013346, -4.22e-06, -7.84e-07, -0.001453175]
[0.000121579, -4.341e-06, -7.62e-07, -0.000289723]
[-0.000991533, -4.451e-06, -9.52e-07, 0.000866992]
[-0.001405283, -4.47e-06, -9.95e-07, 0.001438239]
[-0.001566863, -4.496e-06, -9.26e-07, 0.001730235]
[-0.001998548, -4.505e-06, -8.26e-07, 0.002207059]
[-0.002638609, -4.256e-06, -8.83e-07, 0.002787369]
[-0.002762397, -4.308e-06, -8.07e-07, 0.002800041]
[-0.002226688, -4.187e-06, -8.38e-07, 0.002170244]
[-0.00110951, -4.182e-06, -8.55e-07, 0.001056398]
[0.000251746, -4.175e-06, -8.69e-07, -0.000242909]
[0.001147835, -4.253e-06, -8.64e-07, -0.001140772]
[0.001563846, -4.363e-06, -8.19e-07, -0.001638997]
[0.001762968, -4.472e-06, -8.29e-07, -0.001905541]
[0.001792692, -4.436e-06, -7.41e-07, -0.002005388]
[0.001882533, -4.436e-06, -7.79e-07, -0.002046114]
[0.00201166, -4.448e-06, -8.38e-07, -0.002035154]
[0.002031896, -4.389e-06, -7.81e-07, -0.001901577]
[0.00149365, -4.296e-06, -7.5e-07, -0.001266824]
[0.000270308, -4.211e-06, -8.12e-07, -5.6287e-05]
[-0.0009618, -4.384e-06, -8.91e-07, 0.001126093]
[-0.002090759, -4.322e-06, -8.64e-07, 0.002169828]
[-0.002638483, -4.234e-06, -8.38e-07, 0.002613488]
[-0.00228377, -4.225e-06, -7.17e-07, 0.002246209]
[-0.001299507, -4.275e-06, -5.68e-07, 0.001288133]
[-0.00041926, -4.201e-06, -6.2e-07, 0.000377745]
[0.000286642, -4.294e-06, -6.29e-07, -0.000348083]
[0.000846554, -4.334e-06, -6.89e-07, -0.000980191]
[0.000986441, -4.382e-06, -8.41e-07, -0.001187244]
[0.000827954, -4.215e-06, -7.98e-07, -0.001045884]
[0.000767129, -4.322e-06, -7.69e-07, -0.000895135]
[0.000775593, -4.486e-06, -6.36e-07, -0.000762374]
[0.000432856, -4.253e-06, -6.96e-07, -0.000361793]
[-3.8178e-05, -4.318e-06, -7.62e-07, 0.000146881]
[-0.000628232, -4.505e-06, -6.48e-07, 0.00074273]
[-0.001165029, -4.493e-06, -7.62e-07, 0.001266486]
[-0.001227508, -4.46e-06, -8.53e-07, 0.001350775]
[-0.000731007, -4.078e-06, -7.65e-07, 0.000900388]
[-0.000359627, -4.163e-06, -7.91e-07, 0.000539754]
[-0.000285624, -4.201e-06, -7.79e-07, 0.000387054]
[1.2582e-05, -4.284e-06, -8.29e-07, -5.4981e-05]
[0.000408716, -4.356e-06, -7.5e-07, -0.000570245]
[0.000802244, -4.268e-06, -7.05e-07, -0.001049945]
[0.001399505, -4.291e-06, -9.36e-07, -0.001624567]
[0.001881885, -4.258e-06, -9.95e-07, -0.001973277]
[0.001643773, -4.244e-06, -9.1e-07, -0.001631122]
[0.00096179, -4.265e-06, -8.26e-07, -0.000893391]
[-7.4089e-05, -4.199e-06, -7.74e-07, 0.000102405]
[-0.001175218, -4.192e-06, -8.22e-07, 0.00114329]
[-0.002110471, -4.204e-06, -7.91e-07, 0.002081429]
[-0.00212658, -4.232e-06, -8.12e-07, 0.00220429]
[-0.001459989, -4.37e-06, -8.6e-07, 0.001652629]
[-0.000979863, -4.389e-06, -8.53e-07, 0.001141513]
[-0.000547897, -4.237e-06, -9.17e-07, 0.000650715]
[-0.000147817, -4.424e-06, -9.12e-07, 0.000147966]
[0.000386746, -4.375e-06, -6.77e-07, -0.000501134]
[0.001086357, -4.382e-06, -7.17e-07, -0.001227106]
[0.00166176, -4.481e-06, -9.31e-07, -0.001761889]
[0.001881205, -4.315e-06, -8.88e-07, -0.001959864]
[0.001714879, -4.123e-06, -7.91e-07, -0.001785683]
[0.001210606, -4.154e-06, -6.84e-07, -0.00128871]
[0.000340645, -4.332e-06, -7.22e-07, -0.000402964]
[-0.000415871, -4.351e-06, -8.83e-07, 0.000375816]
[-0.000829448, -4.42e-06, -7.88e-07, 0.000880484]
[-0.00120183, -4.477e-06, -6.98e-07, 0.001386033]
[-0.001661644, -3.992e-06, -6.34e-07, 0.001875207]
[-0.001835997, -4.154e-06, -7.58e-07, 0.002004568]
[-0.001690582, -4.31e-06, -9.4e-07, 0.001802101]
[-0.001440436, -4.329e-06, -9.19e-07, 0.001423199]
[-0.000850095, -4.258e-06, -8.38e-07, 0.000744029]
[0.000197176, -4.389e-06, -8.31e-07, -0.000282819]
[0.000968834, -4.427e-06, -7.62e-07, -0.001025247]
[0.001363381, -4.384e-06, -7.15e-07, -0.001457514]
[0.001709619, -4.346e-06, -7.43e-07, -0.001826325]
[0.001683941, -4.401e-06, -7.27e-07, -0.001815866]
[0.001379917, -4.377e-06, -8.17e-07, -0.001505239]
[0.001195689, -4.282e-06, -8.03e-07, -0.001271932]
[0.001066325, -4.268e-06, -7.5e-07, -0.001021585]
[0.000467209, -4.508e-06, -7.08e-07, -0.000288597]
[-0.00044157, -4.465e-06, -8.74e-07, 0.000637247]
[-0.001192585, -4.367e-06, -9.74e-07, 0.00133687]
[-0.001607539, -4.486e-06, -8.45e-07, 0.001702584]
[-0.001870405, -4.391e-06, -7.6e-07, 0.001859836]
[-0.001517178, -4.382e-06, -8.53e-07, 0.001440441]
[-0.000693099, -4.291e-06, -8.5e-07, 0.000656011]
[0.000112369, -4.372e-06, -8.69e-07, -0.000109403]
[0.000776085, -4.156e-06, -8.31e-07, -0.00082542]
[0.001157831, -4.094e-06, -8.38e-07, -0.001256341]
[0.000860877, -4.104e-06, -9.19e-07, -0.001040332]
[0.000368618, -4.149e-06, -9.48e-07, -0.00057504]
[0.000560223, -4.344e-06, -9.21e-07, -0.000677884]
[0.000821036, -4.322e-06, -7.74e-07, -0.000784166]
[0.000835592, -4.225e-06, -7.27e-07, -0.000653919]
[0.000623015, -4.315e-06, -8.34e-07, -0.000394725]
[0.000248768, -4.282e-06, -9.02e-07, -4.9654e-05]
[-0.000430082, -4.474e-06, -7.86e-07, 0.000587318]
[-0.001026323, -4.436e-06, -7.1e-07, 0.001126119]
[-0.00118731, -4.529e-06, -7.79e-07, 0.00124208]
[-0.001237731, -4.199e-06, -6.89e-07, 0.001267545]
[-0.00120947, -4.303e-06, -6.53e-07, 0.001156553]
[-0.001076117, -4.667e-06, -6.91e-07, 0.000906016]
[-0.000770793, -4.598e-06, -8e-07, 0.000508496]
[-0.000367329, -4.398e-06, -8.15e-07, 8.3208e-05]
[0.000390037, -4.32e-06, -9.88e-07, -0.000573164]
[0.001262791, -4.272e-06, -8.19e-07, -0.001269835]
[0.001625539, -4.208e-06, -7.41e-07, -0.001490615]
[0.001360721, -4.106e-06, -9.21e-07, -0.001165946]
[0.000797202, -4.149e-06, -8.48e-07, -0.000634887]
[4.5514e-05, -4.315e-06, -8.29e-07, 3.8209e-05]
[-0.000446811, -4.365e-06, -8.45e-07, 0.000491758]
[-0.000401263, -4.163e-06, -9.55e-07, 0.000444785]
[6.9016e-05, -4.163e-06, -1.012e-06, 2.0768e-05]
[0.00019212, -4.223e-06, -7.46e-07, -8.6279e-05]
[-8.3049e-05, -4.192e-06, -8.55e-07, 8.2558e-05]
[-0.000366566, -4.177e-06, -9.02e-07, 0.000234991]
[-0.000339849, -4.265e-06, -8.45e-07, 0.000124023]
[5.5933e-05, -4.536e-06, -9.69e-07, -0.000254358]
[0.00059932, -4.603e-06, -9.52e-07, -0.00070917]
[0.000685702, -4.417e-06, -8.5e-07, -0.000717848]
[0.00030425, -4.384e-06, -7.43e-07, -0.000261825]
[-0.000505715, -4.327e-06, -5.51e-07, 0.000577393]
[-0.001476444, -4.432e-06, -8.22e-07, 0.001474736]
[-0.001823541, -4.277e-06, -8.5e-07, 0.001778103]
[-0.001344135, -4.251e-06, -8.15e-07, 0.001371736]
[-0.000402249, -4.204e-06, -7.53e-07, 0.000529699]
[0.000648585, -4.208e-06, -8.15e-07, -0.000468778]
[0.001404279, -4.377e-06, -7.79e-07, -0.001233031]
[0.001416756, -4.332e-06, -6.79e-07, -0.001321011]
[0.001088699, -4.379e-06, -7.48e-07, -0.001125825]
[0.000909023, -4.486e-06, -7.58e-07, -0.001062729]
[0.000818749, -4.46e-06, -7.62e-07, -0.001008912]
[0.000723636, -4.424e-06, -8.05e-07, -0.00086106]
[0.000555725, -4.415e-06, -7.36e-07, -0.000636715]
[0.000221177, -4.296e-06, -7.39e-07, -0.000270306]
[-0.000498669, -4.282e-06, -8.26e-07, 0.000474369]
[-0.001523274, -4.277e-06, -8.34e-07, 0.001484906]
[-0.00214128, -4.322e-06, -8.34e-07, 0.002109989]
[-0.002150252, -4.441e-06, -8.48e-07, 0.002200179]
[-0.001918883, -4.375e-06, -7.91e-07, 0.00202779]
[-0.00125456, -4.334e-06, -7.29e-07, 0.001409748]
[-0.000289858, -4.268e-06, -7.2e-07, 0.00049921]
[0.000419027, -4.237e-06, -8.1e-07, -0.000260177]
[0.00099572, -4.31e-06, -9.12e-07, -0.000967794]
[0.00154451, -4.322e-06, -9.07e-07, -0.001607782]
[0.001794442, -4.384e-06, -7.55e-07, -0.001906856]
[0.001807898, -4.332e-06, -7.36e-07, -0.00190237]
[0.001694001, -4.187e-06, -8.41e-07, -0.00179723]
[0.001365459, -4.097e-06, -7.5e-07, -0.001443714]
[0.000720258, -4.044e-06, -6.82e-07, -0.0007683]
[-0.000133594, -4.12e-06, -8.88e-07, 6.3763e-05]
[-0.000628151, -4.116e-06, -1.026e-06, 0.000579946]
[-0.001057122, -4.196e-06, -9.38e-07, 0.001085046]
[-0.001371831, -4.185e-06, -8.64e-07, 0.001487672]
[-0.001349488, -4.17e-06, -7.98e-07, 0.001546906]
[-0.001433164, -4.18e-06, -7.86e-07, 0.001605692]
[-0.001712069, -4.261e-06, -8.86e-07, 0.001760438]
[-0.001560614, -4.329e-06, -9.52e-07, 0.001510338]
[-0.000780385, -4.432e-06, -8.15e-07, 0.000674141]
[0.000430522, -4.377e-06, -6.2e-07, -0.000530045]
[0.00188748, -4.379e-06, -7.88e-07, -0.001918652]
[0.003096425, -4.394e-06, -8.12e-07, -0.003032952]
[0.003145554, -4.394e-06, -6.74e-07, -0.00309753]
[0.002119595, -4.237e-06, -5.75e-07, -0.002202842]
[0.000788282, -4.18e-06, -5.82e-07, -0.000947382]
[-0.000378975, -4.301e-06, -7.36e-07, 0.00023985]
[-0.001003994, -4.318e-06, -7.34e-07, 0.000949669]
[-0.000899994, -4.189e-06, -8.1e-07, 0.000996283]
[-0.000833939, -4.242e-06, -9.02e-07, 0.001035615]
[-0.001490905, -4.477e-06, -9.36e-07, 0.001648613]
[-0.002005919, -4.538e-06, -7.5e-07, 0.002059872]
[-0.002076178, -4.441e-06, -9.55e-07, 0.002074425]
[-0.001832164, -4.227e-06, -8.95e-07, 0.001804347]
[-0.001021582, -4.242e-06, -6.91e-07, 0.000996713]
[0.000259436, -4.47e-06, -5.94e-07, -0.000264418]
[0.001074454, -4.42e-06, -7.81e-07, -0.001098141]
[0.001223237, -4.384e-06, -8.95e-07, -0.001356945]
[0.001271982, -4.363e-06, -8.05e-07, -0.001501164]
[0.001528917, -4.249e-06, -7.01e-07, -0.00170313]
[0.001692246, -4.132e-06, -8.43e-07, -0.001737633]
[0.001712578, -3.964e-06, -8.17e-07, -0.001645221]
[0.001555558, -4.192e-06, -6.77e-07, -0.001369867]
[0.00068791, -4.36e-06, -7.88e-07, -0.000478173]
[-0.000814263, -4.401e-06, -8.36e-07, 0.000905195]
[-0.002017867, -4.325e-06, -7.69e-07, 0.002009731]
[-0.002689899, -4.265e-06, -8.57e-07, 0.002667678]
[-0.002569861, -4.313e-06, -8.69e-07, 0.00257283]
[-0.001468115, -4.139e-06, -8.26e-07, 0.001525393]
[-0.000258856, -4.206e-06, -8.98e-07, 0.000319696]
[0.000287452, -4.465e-06, -9.12e-07, -0.000317893]
[0.000501302, -4.565e-06, -9.86e-07, -0.000681384]
[0.000585829, -4.289e-06, -9.57e-07, -0.00084207]
[0.000514205, -4.206e-06, -8.03e-07, -0.000730295]
[0.000542407, -4.427e-06, -6.2e-07, -0.000680332]
[0.000949548, -4.337e-06, -6.74e-07, -0.000982775]
[0.000920923, -4.363e-06, -7.88e-07, -0.000869932]
[0.00032688, -4.581e-06, -8.45e-07, -0.000244101]
[-9.2299e-05, -4.667e-06, -8.81e-07, 0.000175821]
[-0.000104687, -4.394e-06, -6.48e-07, 0.00026006]
[-0.000180474, -4.08e-06, -5.39e-07, 0.000412235]
[-0.000206464, -4.128e-06, -6.65e-07, 0.000424295]
[1.304e-06, -4.253e-06, -6.67e-07, 0.00018315]
[-6.526e-06, -4.275e-06, -8.43e-07, 0.000147328]
[-0.000147803, -4.477e-06, -8.17e-07, 0.00013296]
[1.347e-06, -4.31e-06, -9.48e-07, -0.000193004]
[0.00024446, -4.251e-06, -9.43e-07, -0.00050866]
[0.000569212, -4.294e-06, -7.2e-07, -0.000797648]
[0.001150272, -4.446e-06, -5.79e-07, -0.001311597]
[0.001500691, -4.424e-06, -7.39e-07, -0.001532239]
[0.000856757, -4.453e-06, -8.5e-07, -0.00079638]
[-0.00057623, -4.46e-06, -8e-07, 0.000578341]
[-0.002041583, -4.294e-06, -9.45e-07, 0.001944446]
[-0.002877393, -4.306e-06, -7.67e-07, 0.002822453]
[-0.002990698, -4.325e-06, -5.79e-07, 0.003053656]
[-0.00208705, -4.28e-06, -6.51e-07, 0.002291956]
[-0.000802833, -4.329e-06, -8.31e-07, 0.001067968]
[-0.00017784, -4.486e-06, -8.83e-07, 0.000374859]
[0.000421519, -4.519e-06, -8.57e-07, -0.000337963]
[0.001367304, -4.403e-06, -1.033e-06, -0.00137702]
[0.002096433, -4.453e-06, -9.86e-07, -0.002183524]
[0.002640051, -4.424e-06, -7.98e-07, -0.002741817]
[0.003366479, -4.192e-06, -6.65e-07, -0.003414896]
[0.003408864, -4.211e-06, -7.01e-07, -0.003486002]
[0.002354382, -4.356e-06, -8.17e-07, -0.002514002]
[0.000851275, -4.415e-06, -9.17e-07, -0.001012945]
[-0.000382737, -4.31e-06, -8.29e-07, 0.000310194]
[-0.001498659, -4.158e-06, -6.29e-07, 0.001473074]
[-0.002605679, -4.294e-06, -8.45e-07, 0.002658067]
[-0.002916752, -4.173e-06, -9.17e-07, 0.003144923]
[-0.002935682, -4.289e-06, -8.31e-07, 0.003211125]
[-0.002547673, -4.329e-06, -8.86e-07, 0.002724848]
[-0.001769674, -4.318e-06, -9.5e-07, 0.001871711]
[-0.001145617, -4.524e-06, -8.26e-07, 0.001143456]
[-0.00022434, -4.451e-06, -8.69e-07, 0.000123477]
[0.000926386, -4.284e-06, -9.67e-07, -0.001076824]
[0.001835237, -4.306e-06, -9.12e-07, -0.002013951]
[0.0024646, -4.37e-06, -1.021e-06, -0.002653526]
[0.002717237, -4.42e-06, -1.133e-06, -0.002981102]
[0.001766604, -4.367e-06, -9.33e-07, -0.002258758]
[0.00081204, -4.363e-06, -7.15e-07, -0.000923631]
[0.002476056, -4.422e-06, -8.36e-07, -0.002151525]
[0.001331933, -4.31e-06, -9.43e-07, -0.001205248]
[0.000236504, -4.261e-06, -8.34e-07, 0.000115219]
[-0.001941499, -4.256e-06, -9.31e-07, 0.00229254]
[-0.004041235, -4.322e-06, -9.12e-07, 0.004152911]
[-0.003382574, -4.351e-06, -7.96e-07, 0.003524978]
[-0.003027198, -4.277e-06, -6.39e-07, 0.003122214]
[-0.001595622, -4.149e-06, -6.58e-07, 0.001754912]
[-0.000329504, -4.23e-06, -6.25e-07, 0.000318178]
[0.000122334, -4.413e-06, -6.82e-07, -0.000450756]
[0.000364828, -4.455e-06, -8.31e-07, -0.000596174]
[0.001036278, -4.396e-06, -8.98e-07, -0.001245307]
[0.001928256, -4.106e-06, -8.67e-07, -0.002190354]
[0.002231886, -4.28e-06, -7.2e-07, -0.002311226]
[0.002330377, -4.31e-06, -6.86e-07, -0.002390905]
[0.002466281, -4.237e-06, -7.53e-07, -0.002389685]
[0.00204458, -4.137e-06, -8.38e-07, -0.001825705]
[0.000480688, -4.353e-06, -8.24e-07, -0.000237426]
[-0.000482199, -4.441e-06, -7.96e-07, 0.000711129]
[-0.001113789, -4.313e-06, -7.69e-07, 0.001268182]
[-0.002508421, -4.403e-06, -7.53e-07, 0.002518992]
[-0.00258997, -4.268e-06, -6.15e-07, 0.002584085]
[-0.001777231, -4.256e-06, -6.98e-07, 0.001776436]
[-0.001226624, -4.341e-06, -7.65e-07, 0.001110213]
[-0.000157699, -4.398e-06, -7.5e-07, -1.9092e-05]
[0.000912906, -4.313e-06, -5.89e-07, -0.001172964]
[0.001190334, -4.246e-06, -5.2e-07, -0.00147681]
[0.001247649, -4.265e-06, -6.74e-07, -0.001437867]
[0.001156097, -4.166e-06, -7.72e-07, -0.001241405]
[0.000939523, -4.341e-06, -9.59e-07, -0.000939127]
[0.000386368, -4.325e-06, -9.71e-07, -0.00032209]
[-0.000278307, -4.31e-06, -9.14e-07, 0.00037432]
[-0.000443716, -4.344e-06, -9.1e-07, 0.000614273]
[-0.000871813, -4.246e-06, -8.48e-07, 0.001082894]
[-0.001137692, -4.27e-06, -8.22e-07, 0.001372057]
[-0.001284607, -4.441e-06, -7.91e-07, 0.001516064]
[-0.001513328, -4.344e-06, -9.24e-07, 0.001599538]
[-0.001365435, -4.315e-06, -9.43e-07, 0.001312371]
[-0.000782789, -4.372e-06, -7.27e-07, 0.000628014]
[1.5612e-05, -4.27e-06, -6.74e-07, -0.000251922]
[0.001047723, -4.346e-06, -5.7e-07, -0.001239641]
[0.00186395, -4.244e-06, -6.13e-07, -0.001964271]
[0.002134027, -4.223e-06, -8.43e-07, -0.002163547]
[0.002130852, -4.253e-06, -8.57e-07, -0.00209055]
[0.001644281, -4.31e-06, -9.21e-07, -0.001580188]
[0.001090703, -4.408e-06, -8.55e-07, -0.001027933]
[0.00024868, -4.348e-06, -8e-07, -0.000152844]
[-0.000666202, -4.237e-06, -6.63e-07, 0.000766844]
[-0.001175096, -4.31e-06, -5.58e-07, 0.001319391]
[-0.001501694, -4.377e-06, -6.22e-07, 0.001614631]
[-0.001598916, -4.351e-06, -7.84e-07, 0.001656383]
[-0.001428904, -4.275e-06, -9.24e-07, 0.00141114]
[-0.000837325, -4.277e-06, -8.74e-07, 0.000712044]
[-0.000146323, -4.394e-06, -8.55e-07, -7.569e-06]
[0.00026808, -4.296e-06, -8.19e-07, -0.000405987]
[0.000594879, -4.367e-06, -7.01e-07, -0.00069736]
[0.000714609, -4.375e-06, -7.29e-07, -0.000793773]
[0.000677081, -4.441e-06, -8.03e-07, -0.000744245]
[0.000666905, -4.417e-06, -9.38e-07, -0.000733365]
[0.000684217, -4.277e-06, -7.67e-07, -0.000735344]
[0.000679753, -4.135e-06, -6.89e-07, -0.000625872]
[0.000408229, -4.211e-06, -6.1e-07, -0.000230144]
[0.000302789, -4.339e-06, -5.87e-07, -6.3378e-05]
[-5.883e-05, -4.508e-06, -7.39e-07, 0.000302592]
[-0.000852325, -4.299e-06, -6.82e-07, 0.000986418]
[-0.00117499, -4.106e-06, -6.67e-07, 0.001192811]
[-0.000964346, -4.396e-06, -7.43e-07, 0.000905548]
[-0.000678154, -4.296e-06, -6.98e-07, 0.000566554]
[3.2037e-05, -4.308e-06, -7.48e-07, -0.000113032]
[0.00031398, -4.215e-06, -8.15e-07, -0.00042325]
[7.8383e-05, -4.175e-06, -7.86e-07, -0.000217469]
[-0.000437957, -4.291e-06, -8.12e-07, 0.00027526]
[-0.000806521, -4.289e-06, -7.03e-07, 0.000599019]
[-0.000706705, -4.275e-06, -6.72e-07, 0.000554096]
[-0.000232614, -4.31e-06, -6.67e-07, 0.000247552]
[0.000595965, -4.239e-06, -7.6e-07, -0.000418847]
[0.001200983, -4.097e-06, -7.1e-07, -0.000914644]
[0.001137222, -4.287e-06, -9.1e-07, -0.000846628]
[0.000504698, -4.538e-06, -8.19e-07, -0.000309206]
[-6.302e-05, -4.384e-06, -7.5e-07, 0.000106309]
[-0.000325232, -4.211e-06, -7.43e-07, 0.000260106]
[-1.7303e-05, -4.287e-06, -7.29e-07, -5.2463e-05]
[0.000731727, -4.37e-06, -7.96e-07, -0.000790901]
[0.001302238, -4.261e-06, -8.98e-07, -0.001368967]
[0.001057543, -4.403e-06, -8.64e-07, -0.0011849]
[0.000480259, -4.413e-06, -9.55e-07, -0.000673768]
[7.0828e-05, -4.382e-06, -7.62e-07, -0.000260417]
[-0.000286654, -4.344e-06, -6.55e-07, 0.000168775]
[-0.000463012, -4.315e-06, -7.15e-07, 0.000479921]
[-0.000644564, -4.432e-06, -7.88e-07, 0.000787306]
[-0.001252755, -4.346e-06, -7.74e-07, 0.001412151]
[-0.001973968, -4.28e-06, -7.43e-07, 0.002094405]
[-0.002227607, -4.36e-06, -9.12e-07, 0.002269452]
[-0.001931719, -4.41e-06, -7.31e-07, 0.001934403]
[-0.001057894, -4.22e-06, -7.67e-07, 0.001104795]
[0.000138296, -4.17e-06, -9.21e-07, -5.1499e-05]
[0.001233371, -4.284e-06, -9.55e-07, -0.00115515]
[0.001888347, -4.36e-06, -8.81e-07, -0.001867944]
[0.002122196, -4.375e-06, -8.81e-07, -0.002199016]
[0.002204789, -4.263e-06, -8.6e-07, -0.002360312]
[0.00237848, -4.177e-06, -7.22e-07, -0.002507516]
[0.002170607, -4.308e-06, -7.53e-07, -0.002213376]
[0.00147163, -4.282e-06, -9e-07, -0.001477757]
[0.000329145, -4.465e-06, -7.05e-07, -0.000307389]
[-0.001402158, -4.557e-06, -7.86e-07, 0.001386783]
[-0.002748255, -4.227e-06, -8.1e-07, 0.002688403]
[-0.00322867, -4.189e-06, -8.1e-07, 0.003159371]
[-0.002902598, -4.275e-06, -7.86e-07, 0.002924138]
[-0.002058057, -4.334e-06, -9e-07, 0.002206803]
[-0.001145603, -4.389e-06, -1.005e-06, 0.001331304]
[-0.000173945, -4.441e-06, -1.038e-06, 0.000333119]
[0.000318993, -4.394e-06, -9.17e-07, -0.000210411]
[0.000343865, -4.139e-06, -6.6e-07, -0.000413423]
[0.000625758, -4.101e-06, -6.32e-07, -0.000850458]
[0.001312017, -4.154e-06, -7.15e-07, -0.001518591]
[0.001933844, -4.325e-06, -9.05e-07, -0.002065434]
[0.002434047, -4.491e-06, -9.07e-07, -0.00249269]
[0.00227679, -4.322e-06, -9.05e-07, -0.002289945]
[0.001494735, -4.253e-06, -8.15e-07, -0.001426189]
[0.000323223, -4.168e-06, -7.81e-07, -0.000274749]
[-0.000256598, -4.016e-06, -6.51e-07, 0.000301694]
[-0.000388833, -4.028e-06, -7.53e-07, 0.000549215]
[-0.000604004, -4.002e-06, -7.5e-07, 0.000845514]
[-0.000597478, -4.161e-06, -7.22e-07, 0.000827995]
[-0.000986605, -4.308e-06, -9.43e-07, 0.00113617]
[-0.00181503, -4.287e-06, -7.91e-07, 0.001791604]
[-0.002217639, -4.265e-06, -6.98e-07, 0.002029806]
[-0.001624902, -4.163e-06, -5.96e-07, 0.001342048]
[-0.000671481, -4.223e-06, -6.53e-07, 0.000402833]
[0.000380445, -4.46e-06, -9.52e-07, -0.000557986]
[0.001053698, -4.489e-06, -9.97e-07, -0.00116853]
[0.001212862, -4.377e-06, -8.12e-07, -0.001256844]
[0.000834936, -4.182e-06, -7.01e-07, -0.000842883]
[0.000425686, -4.353e-06, -7.24e-07, -0.000431179]
[0.000452024, -4.303e-06, -8.45e-07, -0.000377921]
[0.00041565, -4.365e-06, -7.15e-07, -0.00023454]
[0.000290646, -4.398e-06, -8.6e-07, -6.8677e-05]
[-2.4784e-05, -4.263e-06, -9.36e-07, 0.000243249]
[-0.000425815, -4.287e-06, -9.19e-07, 0.000628175]
[-0.000913226, -4.244e-06, -8.5e-07, 0.000993015]
[-0.000771579, -4.322e-06, -7.1e-07, 0.000689029]
[-0.000162551, -4.261e-06, -6.6e-07, 2.9014e-05]
[0.000368697, -4.384e-06, -6.89e-07, -0.000488825]
[0.000720741, -4.638e-06, -9.21e-07, -0.000843702]
[0.000931971, -4.707e-06, -8.45e-07, -0.001048891]
[0.000757857, -4.548e-06, -7.79e-07, -0.000829821]
[0.000153175, -4.329e-06, -8.53e-07, -0.000231241]
[-0.000451397, -4.486e-06, -1.007e-06, 0.000322667]
[-0.000831044, -4.453e-06, -9.26e-07, 0.000752531]
[-0.001259419, -4.31e-06, -8.64e-07, 0.001310274]
[-0.001297184, -4.462e-06, -9.55e-07, 0.001445535]
[-0.000921914, -4.382e-06, -9.78e-07, 0.001121491]
[-0.000722275, -4.118e-06, -8.24e-07, 0.000922317]
[-0.00039806, -4.187e-06, -7.03e-07, 0.000530148]
[0.000110529, -4.265e-06, -7.55e-07, -9.8645e-05]
[0.000867607, -4.225e-06, -7.05e-07, -0.000914727]
[0.001644889, -4.116e-06, -7.6e-07, -0.00169867]
[0.002263398, -4.227e-06, -9.52e-07, -0.002306175]
[0.002508022, -4.23e-06, -9.24e-07, -0.002554235]
[0.001852773, -4.234e-06, -8.43e-07, -0.001974578]
[0.001083887, -4.289e-06, -7.88e-07, -0.001272181]
[0.000417267, -4.275e-06, -8.57e-07, -0.000575061]
[-0.00035469, -4.31e-06, -8.86e-07, 0.000258082]
[-0.000661758, -4.37e-06, -8.79e-07, 0.000692299]
[-0.000833236, -4.346e-06, -8.29e-07, 0.001017274]
[-0.00137218, -4.306e-06, -8.48e-07, 0.001618096]
[-0.002219979, -4.493e-06, -7.91e-07, 0.002377632]
[-0.00263784, -4.372e-06, -8.1e-07, 0.002673366]
[-0.002414274, -4.213e-06, -6.7e-07, 0.002395254]
[-0.001909856, -4.277e-06, -6.34e-07, 0.001874667]
[-0.000768362, -4.42e-06, -8.62e-07, 0.000701276]
[0.000597402, -4.538e-06, -9.76e-07, -0.000648053]
[0.001351984, -4.308e-06, -9.21e-07, -0.001402255]
[0.001502413, -4.163e-06, -7.31e-07, -0.001650014]
[0.001681517, -4.291e-06, -6.32e-07, -0.001883184]
[0.00186836, -4.443e-06, -6.44e-07, -0.001983954]
[0.00183078, -4.244e-06, -7.96e-07, -0.001805535]
[0.001738297, -4.225e-06, -9.31e-07, -0.001587149]
[0.001196546, -4.37e-06, -8.07e-07, -0.00098462]
[-0.0001404, -4.12e-06, -7.39e-07, 0.000306598]
[-0.001457364, -4.258e-06, -7.17e-07, 0.00153513]
[-0.002131066, -4.434e-06, -7.6e-07, 0.002126302]
[-0.002168154, -4.358e-06, -9.02e-07, 0.002150951]
[-0.00165944, -4.424e-06, -9.26e-07, 0.00166921]
[-0.000734254, -4.543e-06, -8.41e-07, 0.000798057]
[-0.000346572, -4.531e-06, -6.82e-07, 0.000377424]
[-0.000430688, -4.524e-06, -7.84e-07, 0.000322802]
[-0.000127873, -4.389e-06, -7.03e-07, -8.2199e-05]
[0.000376166, -4.375e-06, -6.74e-07, -0.000574757]
[0.000607336, -4.46e-06, -7.1e-07, -0.000749146]
[0.00097441, -4.6e-06, -6.91e-07, -0.001028237]
[0.001449959, -4.455e-06, -8.5e-07, -0.001399358]
[0.001089157, -4.394e-06, -8.07e-07, -0.000964528]
[0.000273687, -4.277e-06, -7.15e-07, -0.000194272]
[-0.000205533, -4.315e-06, -8.43e-07, 0.000220127]
[-0.00021148, -4.234e-06, -9.12e-07, 0.00027398]
[-1.2753e-05, -4.071e-06, -7.01e-07, 0.000141079]
[0.000493368, -4.391e-06, -6.72e-07, -0.000348368]
[0.001054871, -4.51e-06, -8.22e-07, -0.000896576]
[0.000885343, -4.417e-06, -6.63e-07, -0.000768898]
[0.000348805, -4.301e-06, -6.34e-07, -0.000380253]
[-5.158e-06, -4.268e-06, -7.58e-07, -0.000174439]
[-0.000585112, -4.272e-06, -7.17e-07, 0.000353832]
[-0.000936588, -4.422e-06, -8.22e-07, 0.000745102]
[-0.000550329, -4.218e-06, -8.38e-07, 0.00045987]
[-0.000230778, -4.294e-06, -9.14e-07, 0.000187071]
[-0.000509778, -4.199e-06, -7.62e-07, 0.000473882]
[-0.00092055, -4.204e-06, -6.89e-07, 0.00089893]
[-0.00117479, -4.356e-06, -7.17e-07, 0.001202175]
[-0.001328594, -4.481e-06, -7.81e-07, 0.001395212]
[-0.000859381, -4.491e-06, -1.009e-06, 0.000975113]
[0.000224086, -4.379e-06, -9.5e-07, -1.5876e-05]
[0.000768217, -4.458e-06, -7.41e-07, -0.00054102]
[0.000704508, -4.22e-06, -8.17e-07, -0.000571062]
[0.000743504, -4.158e-06, -9e-07, -0.000761142]
[0.000895379, -4.227e-06, -8.34e-07, -0.001003944]
[0.000838223, -4.313e-06, -7.74e-07, -0.001002583]
[0.000893971, -4.22e-06, -9.1e-07, -0.001096605]
[0.001227177, -4.173e-06, -8.86e-07, -0.001370202]
[0.001080705, -4.32e-06, -7.12e-07, -0.001113326]
[0.000465235, -4.382e-06, -7.27e-07, -0.000492368]
[0.000229308, -4.287e-06, -8.43e-07, -0.000260673]
[-8.0684e-05, -4.239e-06, -8.76e-07, 0.000111769]
[-0.000592687, -4.372e-06, -9.17e-07, 0.000687739]
[-0.000547641, -4.441e-06, -8.36e-07, 0.000738994]
[-0.000717, -4.306e-06, -8.34e-07, 0.000916492]
[-0.001407297, -4.265e-06, -7.31e-07, 0.001545353]
[-0.001981826, -4.182e-06, -8.05e-07, 0.002008166]
[-0.001918023, -4.313e-06, -7.65e-07, 0.001810855]
[-0.001410396, -4.569e-06, -7.5e-07, 0.001234418]
[-0.000411271, -4.443e-06, -7.5e-07, 0.000237074]
[0.00108202, -4.384e-06, -8.22e-07, -0.001179176]
[0.001927601, -4.196e-06, -6.7e-07, -0.001946203]
[0.002021997, -4.147e-06, -6.77e-07, -0.002039291]
[0.001765414, -4.194e-06, -6.86e-07, -0.001821829]
[0.001088886, -4.294e-06, -7.12e-07, -0.001164303]
[-1.9265e-05, -4.434e-06, -8.26e-07, -5.3703e-05]
[-0.000650356, -4.408e-06, -8.93e-07, 0.000642268]
[-0.000579388, -4.301e-06, -9.95e-07, 0.000674773]
[-0.000657391, -4.258e-06, -7.62e-07, 0.000835264]
[-0.000912324, -4.263e-06, -6.25e-07, 0.001060654]
[-0.000804954, -4.584e-06, -6.36e-07, 0.0009161]
[-0.000748018, -4.588e-06, -9.31e-07, 0.000821606]
[-0.00079918, -4.391e-06, -1.043e-06, 0.000835293]
[-0.000264751, -4.225e-06, -8.72e-07, 0.000278304]
[0.000402693, -4.287e-06, -8.48e-07, -0.000421585]
[0.000688715, -4.351e-06, -6.77e-07, -0.000753127]
[0.000673357, -4.268e-06, -8.29e-07, -0.000799584]
[0.000707795, -4.405e-06, -8.74e-07, -0.000895935]
[0.000372454, -4.429e-06, -9.59e-07, -0.000590232]
[-1.1086e-05, -4.427e-06, -8.07e-07, -0.000150394]
[-9.55e-07, -4.356e-06, -6.7e-07, -2.9729e-05]
[-9.922e-06, -4.408e-06, -5.96e-07, 0.000110683]
[-0.000242581, -4.474e-06, -6.98e-07, 0.000419706]
[-0.000288948, -4.413e-06, -7.5e-07, 0.000482218]
[-0.00026529, -4.455e-06, -8.81e-07, 0.000437138]
[-0.000629073, -4.481e-06, -9.26e-07, 0.000737866]
[-0.000712125, -4.348e-06, -1.1e-06, 0.000761486]
[-4.1427e-05, -4.201e-06, -1.052e-06, 0.000103442]
[0.000424945, -4.294e-06, -9.45e-07, -0.000386311]
[0.000391576, -4.318e-06, -8.98e-07, -0.000487937]
[0.000541364, -4.208e-06, -8e-07, -0.000760292]
[0.00077455, -4.363e-06, -7.79e-07, -0.000997211]
[0.000826864, -4.353e-06, -9.29e-07, -0.000993397]
[0.001058713, -4.313e-06, -8.53e-07, -0.001147071]
[0.001314786, -4.265e-06, -8.79e-07, -0.001284599]
[0.000543112, -4.253e-06, -8.31e-07, -0.000438855]
[-0.000851302, -4.284e-06, -8.53e-07, 0.000938013]
[-0.001777084, -4.282e-06, -8.34e-07, 0.00184035]
[-0.002314734, -4.256e-06, -7.79e-07, 0.002381957]
[-0.002554869, -4.185e-06, -8.98e-07, 0.002639607]
[-0.001847646, -4.194e-06, -8.95e-07, 0.001969069]
[-0.000685367, -4.396e-06, -8.17e-07, 0.000818714]
[0.000190063, -4.287e-06, -8.05e-07, -0.000104535]
[0.000944235, -4.232e-06, -8.03e-07, -0.00098472]
[0.001577758, -4.329e-06, -7.81e-07, -0.001741024]
[0.001770494, -4.253e-06, -7.77e-07, -0.001956244]
[0.00181033, -4.415e-06, -8.83e-07, -0.001972391]
[0.002115228, -4.218e-06, -8.36e-07, -0.00221692]
[0.001984498, -4.282e-06, -9.02e-07, -0.002011282]
[0.001174054, -4.408e-06, -7.77e-07, -0.001161942]
[0.000422105, -4.206e-06, -7.39e-07, -0.000387738]
[-7.7741e-05, -4.232e-06, -8.41e-07, 0.000139517]
[-0.000887585, -4.422e-06, -9.17e-07, 0.00099287]
[-0.001539098, -4.258e-06, -9.05e-07, 0.001702178]
[-0.00197701, -4.341e-06, -9.26e-07, 0.002146764]
[-0.002593857, -4.37e-06, -8.69e-07, 0.002687741]
[-0.002920447, -4.36e-06, -8.03e-07, 0.002886266]
[-0.002383978, -4.332e-06, -6.51e-07, 0.00223916]
[-0.001232749, -4.282e-06, -7.1e-07, 0.001062494]
[0.000258863, -4.275e-06, -8.07e-07, -0.000363754]
[0.001757365, -4.403e-06, -7.93e-07, -0.001784477]
[0.002665498, -4.287e-06, -7.72e-07, -0.002652315]
[0.002468514, -4.246e-06, -6.93e-07, -0.002483509]
[0.001804865, -4.277e-06, -7.67e-07, -0.001821663]
[0.001359047, -4.36e-06, -8.36e-07, -0.001387163]
[0.000510488, -4.41e-06, -7.41e-07, -0.00057441]
[-6.548e-06, -4.508e-06, -6.44e-07, 3.8262e-05]
[-0.000138747, -4.439e-06, -6.98e-07, 0.00029432]
[-0.000359028, -4.434e-06, -8.72e-07, 0.000537541]
[-0.000645272, -4.351e-06, -8.64e-07, 0.000781523]
[-0.00078656, -4.351e-06, -8.88e-07, 0.000849919]
[-0.000611988, -4.367e-06, -8.64e-07, 0.00062139]
[-0.000520525, -4.215e-06, -8.64e-07, 0.000457873]
[-0.000524044, -4.187e-06, -8.69e-07, 0.000405265]
[-0.000293786, -4.396e-06, -7.62e-07, 0.000197547]
[-0.000424822, -4.334e-06, -7.12e-07, 0.000290278]
[-0.000491155, -4.218e-06, -7.34e-07, 0.000308052]
[-0.000452755, -4.071e-06, -7.91e-07, 0.000264865]
[-0.000330855, -4.313e-06, -7.72e-07, 0.000186898]
[-0.00032095, -4.519e-06, -7.22e-07, 0.000285462]
[0.000167008, -4.531e-06, -7.91e-07, -4.9502e-05]
[0.000935712, -4.572e-06, -8.41e-07, -0.0007171]
[0.001179628, -4.607e-06, -7.2e-07, -0.000920078]
[0.000768822, -4.372e-06, -8.05e-07, -0.000548282]
[0.0002799, -4.109e-06, -8e-07, -0.000159734]
[0.000159439, -4.28e-06, -9.19e-07, -0.000128663]
[0.000293349, -4.489e-06, -1.016e-06, -0.000302511]
[0.000609523, -4.455e-06, -9.07e-07, -0.00064791]
[0.000944893, -4.237e-06, -6.51e-07, -0.001013152]
[0.000681895, -4.109e-06, -6.44e-07, -0.000833566]
[-1.8144e-05, -4.261e-06, -7.98e-07, -0.000204213]
[-0.000541528, -4.306e-06, -7.88e-07, 0.000286984]
[-0.000796264, -4.389e-06, -8.17e-07, 0.000609176]
[-0.000698856, -4.353e-06, -1.059e-06, 0.0006948]
[-0.000593295, -4.156e-06, -1.014e-06, 0.000752307]
[-0.000757311, -4.213e-06, -7.6e-07, 0.000955262]
[-0.001374864, -4.299e-06, -8.41e-07, 0.001530988]
[-0.001862748, -4.132e-06, -8.41e-07, 0.001922825]
[-0.001602075, -4.234e-06, -8.38e-07, 0.001612078]
[-0.000863245, -4.453e-06, -9.05e-07, 0.000902592]
[0.00022917, -4.458e-06, -8.24e-07, -0.00013742]
[0.001379875, -4.261e-06, -8.57e-07, -0.0012964]
[0.001887701, -4.085e-06, -8.74e-07, -0.00187424]
[0.001914067, -4.12e-06, -7.2e-07, -0.001962813]
[0.001779271, -4.256e-06, -7.72e-07, -0.001947704]
[0.001664893, -4.408e-06, -8.07e-07, -0.00186726]
[0.001315599, -4.341e-06, -8.57e-07, -0.001429148]
[0.000603631, -4.398e-06, -7.55e-07, -0.000624549]
[-0.000121515, -4.503e-06, -7.24e-07, 0.000131152]
[-0.00089968, -4.261e-06, -6.77e-07, 0.000921783]
[-0.001681721, -4.263e-06, -6.65e-07, 0.00173849]
[-0.002049463, -4.23e-06, -6.53e-07, 0.002099606]
[-0.001739354, -4.348e-06, -7.65e-07, 0.001784959]
[-0.001172926, -4.303e-06, -8.17e-07, 0.001343767]
[-0.000749512, -4.142e-06, -9.59e-07, 0.000988108]
[-0.000365291, -4.035e-06, -7.67e-07, 0.0005569]
[-0.000193424, -4.071e-06, -6.74e-07, 0.000237803]
[-0.000200791, -4.075e-06, -6.34e-07, 6.9973e-05]
[0.000260813, -4.351e-06, -6.6e-07, -0.000513103]
[0.001248314, -4.301e-06, -6.67e-07, -0.001505363]
[0.002277581, -4.268e-06, -7.05e-07, -0.002413723]
[0.002863702, -4.429e-06, -7.17e-07, -0.002860938]
[0.002668965, -4.268e-06, -7.53e-07, -0.002605133]
[0.001470269, -4.192e-06, -8.24e-07, -0.001415944]
[-0.000318632, -4.427e-06, -6.74e-07, 0.000291907]
[-0.001532068, -4.348e-06, -7.86e-07, 0.001468132]
[-0.001846682, -4.358e-06, -7.08e-07, 0.001879978]
[-0.001440284, -4.432e-06, -9.05e-07, 0.001639151]
[-0.000962042, -4.472e-06, -9.5e-07, 0.001249862]
[-0.00073417, -4.379e-06, -8.31e-07, 0.000968791]
[-0.001051261, -4.258e-06, -7.29e-07, 0.001143266]
[-0.001410387, -4.223e-06, -7.03e-07, 0.001302967]
[-0.001350647, -4.111e-06, -8.62e-07, 0.001087145]
[-0.000529578, -4.182e-06, -8.57e-07, 0.000295546]
[0.000663808, -4.18e-06, -7.27e-07, -0.000791498]
[0.001856155, -4.135e-06, -6.63e-07, -0.001902622]
[0.002185524, -4.113e-06, -6.72e-07, -0.00220306]
[0.001744068, -4.287e-06, -5.58e-07, -0.001781276]
[0.001090627, -4.398e-06, -7.2e-07, -0.001165058]
[0.000452672, -4.505e-06, -8.93e-07, -0.000528426]
[0.000135973, -4.372e-06, -7.96e-07, -0.000112056]
[-0.000179823, -4.272e-06, -7.31e-07, 0.000339186]
[-0.000517934, -4.275e-06, -8.03e-07, 0.00073123]
[-0.001110317, -4.244e-06, -6.55e-07, 0.001285547]
[-0.001643599, -4.325e-06, -7.03e-07, 0.001701287]
[-0.001804535, -4.413e-06, -7.81e-07, 0.001734198]
[-0.001303876, -4.291e-06, -8.91e-07, 0.001204003]
[-0.000440726, -4.211e-06, -8.38e-07, 0.00038543]
[0.000449625, -4.249e-06, -7.6e-07, -0.000459236]
[0.001094099, -4.208e-06, -7.88e-07, -0.001084153]
[0.001116378, -4.36e-06, -8.07e-07, -0.001151027]
[0.000573458, -4.227e-06, -9.05e-07, -0.000743361]
[0.00017386, -4.208e-06, -9.33e-07, -0.000433604]
[3.448e-06, -4.391e-06, -8.91e-07, -0.000180939]
[6.9577e-05, -4.396e-06, -7.81e-07, -9.1176e-05]
[0.000352619, -4.27e-06, -8.05e-07, -0.000229885]
[0.000372359, -4.287e-06, -8.12e-07, -0.000177593]
[-8.9017e-05, -4.344e-06, -7.93e-07, 0.000287937]
[-0.000780497, -4.344e-06, -7.86e-07, 0.000879311]
[-0.000909897, -4.401e-06, -7.69e-07, 0.000928091]
[-0.000496073, -4.332e-06, -8.5e-07, 0.00052815]
[0.000121403, -4.294e-06, -8.62e-07, -3.7544e-05]
[0.00078936, -4.299e-06, -8.03e-07, -0.000685678]
[0.000859013, -4.282e-06, -8.1e-07, -0.000818666]
[8.9029e-05, -4.296e-06, -9.67e-07, -0.000203743]
[-0.000992222, -4.441e-06, -9.9e-07, 0.000683389]
[-0.001470709, -4.398e-06, -8.79e-07, 0.001099276]
[-0.001041313, -4.386e-06, -8.43e-07, 0.000796466]
[3.8188e-05, -4.365e-06, -5.87e-07, -6.3312e-05]
[0.001085875, -4.206e-06, -6.2e-07, -0.000940979]
[0.00153992, -4.275e-06, -7.69e-07, -0.001264337]
[0.000961631, -4.42e-06, -8.6e-07, -0.000725372]
[0.000180452, -4.365e-06, -8.12e-07, -5.0229e-05]
[-0.000195865, -4.432e-06, -7.81e-07, 0.000317708]
[-0.000536073, -4.351e-06, -7.39e-07, 0.0006651]
[-0.000297529, -4.17e-06, -6.08e-07, 0.000401931]
[0.000160014, -4.22e-06, -8.55e-07, -0.000120002]
[6.9456e-05, -4.192e-06, -9.02e-07, -0.00017295]
[-0.000237407, -4.284e-06, -7.98e-07, -1.7398e-05]
[-8.4814e-05, -4.28e-06, -8.17e-07, -0.000243291]
[0.000536265, -4.101e-06, -6.29e-07, -0.00079093]
[0.001071637, -4.059e-06, -6.41e-07, -0.001161823]
[0.001354511, -4.175e-06, -6.93e-07, -0.001315903]
[0.001191721, -4.199e-06, -7.6e-07, -0.001060231]
[0.00028797, -4.082e-06, -7.98e-07, -0.000160698]
[-0.000908234, -4.315e-06, -8.95e-07, 0.000956012]
[-0.001666897, -4.358e-06, -1.026e-06, 0.001681274]
[-0.001832093, -4.379e-06, -9.69e-07, 0.001899352]
[-0.001465237, -4.261e-06, -8.15e-07, 0.001614664]
[-0.000868315, -4.154e-06, -7.24e-07, 0.001026175]
[-0.000443493, -4.213e-06, -8.98e-07, 0.000549997]
[-0.000353231, -4.294e-06, -9.55e-07, 0.000345874]
[-8.8846e-05, -4.277e-06, -1.005e-06, -6.1552e-05]
[0.000486514, -4.446e-06, -9.71e-07, -0.000671797]
[0.000932244, -4.315e-06, -9.5e-07, -0.001074428]
[0.00138538, -4.199e-06, -7.46e-07, -0.001480716]
[0.001733481, -4.348e-06, -6.17e-07, -0.001733491]
[0.001345508, -4.508e-06, -8.12e-07, -0.001291273]
[0.000327692, -4.377e-06, -8.5e-07, -0.000318038]
[-0.000283869, -4.348e-06, -8.57e-07, 0.000266869]
[-0.000703278, -4.28e-06, -8.74e-07, 0.00075055]
[-0.001172144, -4.275e-06, -8.17e-07, 0.001288031]
[-0.001131287, -4.151e-06, -7.6e-07, 0.001289865]
[-0.000632421, -4.327e-06, -9.31e-07, 0.00082665]
[-0.000554288, -4.474e-06, -9.5e-07, 0.000700815]
[-0.000657035, -4.451e-06, -8.43e-07, 0.000628142]
[-0.000509876, -4.489e-06, -8.31e-07, 0.000295076]
[-0.000231163, -4.379e-06, -8.03e-07, -1.8149e-05]
[7.7699e-05, -4.372e-06, -7.36e-07, -0.000258977]
[0.000554803, -4.367e-06, -7.55e-07, -0.000692168]
[0.001140257, -4.201e-06, -7.86e-07, -0.001214545]
[0.001223363, -4.037e-06, -8.48e-07, -0.001215484]
[0.000669975, -4.27e-06, -8.72e-07, -0.00068085]
[5.0651e-05, -4.246e-06, -7.98e-07, -6.496e-05]
[-0.000430878, -4.085e-06, -8.38e-07, 0.000489896]
[-0.00067875, -4.016e-06, -1.014e-06, 0.00081688]
[-0.000414629, -4.139e-06, -7.77e-07, 0.000623378]
[-0.000269966, -4.325e-06, -8.12e-07, 0.000475362]
[-0.000463549, -4.258e-06, -8.41e-07, 0.000567754]
[-0.000383015, -4.213e-06, -8.5e-07, 0.000345967]
[-2.6988e-05, -4.348e-06, -7.62e-07, -0.000104841]
[0.000172487, -4.356e-06, -7.34e-07, -0.000336451]
[0.000473799, -4.296e-06, -7.2e-07, -0.000631096]
[0.001098324, -4.192e-06, -7.65e-07, -0.001190728]
[0.001199686, -4.116e-06, -9.17e-07, -0.001231839]
[0.00043322, -4.244e-06, -8.79e-07, -0.000515623]
[-0.000346639, -4.341e-06, -9.02e-07, 0.000201665]
[-0.000858407, -4.346e-06, -8.07e-07, 0.000790336]
[-0.001221368, -4.189e-06, -6.77e-07, 0.001294144]
[-0.001255958, -4.277e-06, -6.65e-07, 0.001401229]
[-0.000880491, -4.351e-06, -6.74e-07, 0.001086421]
[-0.000628847, -4.258e-06, -6.55e-07, 0.000893598]
[-0.00053294, -4.251e-06, -7.41e-07, 0.000723742]
[0.000133807, -4.484e-06, -7.91e-07, -6.9389e-05]
[0.001122887, -4.405e-06, -6.22e-07, -0.001098538]
[0.001735847, -4.479e-06, -6.22e-07, -0.001715142]
[0.002198572, -4.462e-06, -7.74e-07, -0.002213635]
[0.002251246, -4.299e-06, -8.86e-07, -0.002306004]
[0.001643148, -4.256e-06, -8.53e-07, -0.00171553]
[0.000891133, -4.28e-06, -8.64e-07, -0.001008129]
[0.000295719, -4.315e-06, -6.79e-07, -0.000437283]
[-0.000444111, -4.296e-06, -6.41e-07, 0.000327227]
[-0.000806815, -4.308e-06, -7.17e-07, 0.000808993]
[-0.000762127, -4.384e-06, -7.72e-07, 0.00089925]
[-0.000824582, -4.234e-06, -7.74e-07, 0.001041268]
[-0.001394889, -4.265e-06, -7.86e-07, 0.001595594]
[-0.001758619, -4.384e-06, -7.74e-07, 0.001873307]
[-0.00161649, -4.398e-06, -7.81e-07, 0.00162456]
[-0.001061069, -4.36e-06, -7.81e-07, 0.001032927]
[5.8023e-05, -4.239e-06, -6.65e-07, -0.00012308]
[0.001267037, -4.239e-06, -7.69e-07, -0.001346444]
[0.001819449, -4.277e-06, -8.05e-07, -0.001910003]
[0.001692375, -4.306e-06, -8.95e-07, -0.001851954]
[0.001518973, -4.329e-06, -9.67e-07, -0.001760379]
[0.001091249, -4.263e-06, -8.38e-07, -0.001337531]
[0.000314443, -4.242e-06, -7.39e-07, -0.000471037]
[-0.000184024, -4.149e-06, -6.27e-07, 0.00017153]
[-0.000415653, -4.161e-06, -5.32e-07, 0.000544829]
[-0.001037131, -4.353e-06, -7.48e-07, 0.001212337]
[-0.001752278, -4.227e-06, -9.05e-07, 0.001884136]
[-0.002031637, -4.218e-06, -7.2e-07, 0.002137017]
[-0.002319885, -4.223e-06, -5.32e-07, 0.002391639]
[-0.002127598, -4.187e-06, -6.74e-07, 0.002176887]
[-0.001211401, -4.327e-06, -6.93e-07, 0.00127453]
[-0.000223369, -4.329e-06, -7.93e-07, 0.000261464]
[0.000690314, -4.458e-06, -8.05e-07, -0.000700742]
[0.001534234, -4.61e-06, -8.88e-07, -0.001633088]
[0.002253726, -4.46e-06, -7.69e-07, -0.002419242]
[0.002311425, -4.156e-06, -8.12e-07, -0.002454015]
[0.002104702, -4.168e-06, -8e-07, -0.002194748]
[0.00183415, -4.318e-06, -8.17e-07, -0.001846682]
[0.000997171, -4.306e-06, -8.91e-07, -0.000956632]
[-0.000120123, -4.341e-06, -8.36e-07, 0.000164997]
[-0.00082396, -4.55e-06, -7.93e-07, 0.000882918]
[-0.001103145, -4.484e-06, -7.1e-07, 0.001200904]
[-0.001437019, -4.244e-06, -6.41e-07, 0.001557529]
[-0.001361989, -4.242e-06, -7.1e-07, 0.00152135]
[-0.000759845, -4.22e-06, -7.12e-07, 0.000947819]
[-0.00082803, -4.158e-06, -8.74e-07, 0.000908189]
[-0.00109298, -4.258e-06, -9.14e-07, 0.001006507]
[-0.001122125, -4.303e-06, -7.91e-07, 0.000908624]
[-0.000886625, -4.242e-06, -6.67e-07, 0.000603695]
[-0.000259949, -4.237e-06, -7.5e-07, -5.362e-06]
[0.000800263, -4.239e-06, -7.93e-07, -0.000960251]
[0.001749604, -4.339e-06, -7.29e-07, -0.001763901]
[0.001648173, -4.346e-06, -7.48e-07, -0.001576243]
[0.001033333, -4.465e-06, -8.74e-07, -0.00097403]
[0.000560973, -4.455e-06, -8.72e-07, -0.000501366]
[-5.1867e-05, -4.303e-06, -8.69e-07, 0.000157252]
[-0.000696569, -4.332e-06, -8.07e-07, 0.000836278]
[-0.000746586, -4.327e-06, -8.26e-07, 0.000933543]
[-0.000630598, -4.417e-06, -7.6e-07, 0.000832516]
[-0.000854907, -4.555e-06, -7.34e-07, 0.000972038]
[-0.000670044, -4.515e-06, -8.34e-07, 0.000626271]
[0.000203873, -4.51e-06, -8.45e-07, -0.000326051]
[0.00089152, -4.225e-06, -9.17e-07, -0.000990426]
[0.001527069, -4.429e-06, -9.69e-07, -0.001601866]
[0.002029825, -4.358e-06, -8.72e-07, -0.002088382]
[0.001627453, -4.486e-06, -9.02e-07, -0.001701333]
[0.000318682, -4.417e-06, -1.028e-06, -0.000450207]
[-0.000627327, -4.327e-06, -9.88e-07, 0.000425862]
[-0.000673224, -4.42e-06, -9.48e-07, 0.000526958]
[-0.000559546, -4.147e-06, -8.34e-07, 0.000564222]
[-0.000397708, -4.163e-06, -8.55e-07, 0.000552923]
[-0.000338346, -4.272e-06, -8.38e-07, 0.000577742]
[-0.000875817, -4.244e-06, -8.57e-07, 0.001101718]
[-0.001649002, -4.249e-06, -8.69e-07, 0.001785132]
[-0.001878313, -4.147e-06, -8.17e-07, 0.00186082]
[-0.001431243, -4.049e-06, -8.31e-07, 0.001342895]
[-0.000628973, -4.22e-06, -7.69e-07, 0.000581279]
[0.00050709, -4.415e-06, -7.43e-07, -0.000528374]
[0.001465942, -4.403e-06, -7.12e-07, -0.001528919]
[0.001745852, -4.261e-06, -6.91e-07, -0.001848107]
[0.001513984, -4.32e-06, -8.69e-07, -0.001662321]
[0.001186778, -4.394e-06, -7.29e-07, -0.001347849]
[0.000807692, -4.289e-06, -6.51e-07, -0.000906862]
[0.000473645, -4.275e-06, -5.68e-07, -0.000444341]
[0.000287405, -4.391e-06, -7.27e-07, -0.000108589]
[-0.000309353, -4.489e-06, -8.36e-07, 0.000537291]
[-0.001303845, -4.246e-06, -8.95e-07, 0.001472853]
[-0.001998743, -4.289e-06, -8.62e-07, 0.002098537]
[-0.002105298, -4.496e-06, -8.15e-07, 0.002123526]
[-0.001988165, -4.493e-06, -8.12e-07, 0.001952015]
[-0.001138559, -4.211e-06, -7.79e-07, 0.001163196]
[-6.01e-07, -4.256e-06, -7.1e-07, 4.4223e-05]
[0.000793585, -4.353e-06, -6.72e-07, -0.000834392]
[0.001148196, -4.261e-06, -7.86e-07, -0.001277363]
[0.001169874, -4.289e-06, -6.74e-07, -0.001388961]
[0.001155527, -4.365e-06, -8.79e-07, -0.001402431]
[0.00146408, -4.294e-06, -7.05e-07, -0.001596703]
[0.001852232, -4.142e-06, -7.62e-07, -0.001817032]
[0.001828882, -4.234e-06, -8.79e-07, -0.001662354]
[0.001137844, -4.277e-06, -8.74e-07, -0.000954103]
[0.000192113, -4.291e-06, -8.55e-07, -6.8926e-05]
[-0.000545017, -4.524e-06, -9.97e-07, 0.00065484]
[-0.001154091, -4.379e-06, -9.31e-07, 0.001238332]
[-0.001165875, -4.434e-06, -8.67e-07, 0.001225805]
[-0.00061196, -4.396e-06, -7.84e-07, 0.000709358]
[-0.000483192, -4.413e-06, -7.1e-07, 0.000530623]
[-0.000921873, -4.496e-06, -7.91e-07, 0.000826377]
[-0.001083661, -4.318e-06, -9.4e-07, 0.000838757]
[-0.001021098, -4.232e-06, -8.57e-07, 0.000710149]
[-0.000597475, -4.325e-06, -6.41e-07, 0.000348914]
[0.000402021, -4.306e-06, -6.06e-07, -0.000492397]
[0.001497457, -4.104e-06, -8.53e-07, -0.001420791]
[0.001490933, -4.23e-06, -8.29e-07, -0.001355701]
[0.000473979, -4.51e-06, -7.93e-07, -0.00037129]
[-0.000810223, -4.358e-06, -7.69e-07, 0.000833899]
[-0.001689038, -4.327e-06, -8.12e-07, 0.001696808]
[-0.001721267, -4.22e-06, -7.39e-07, 0.001790212]
[-0.00093831, -4.149e-06, -6.65e-07, 0.001105057]
[0.000255781, -4.128e-06, -7.79e-07, -3.0657e-05]
[0.000966433, -4.177e-06, -8.62e-07, -0.000810012]
[0.001286126, -4.246e-06, -8.45e-07, -0.001254816]
[0.001276302, -4.356e-06, -7.58e-07, -0.001377305]
[0.001092175, -4.246e-06, -7.72e-07, -0.001281947]
[0.00100573, -4.215e-06, -7.2e-07, -0.001204193]
[0.001032576, -4.356e-06, -7.91e-07, -0.001183097]
[0.000535085, -4.356e-06, -8.98e-07, -0.000642265]
[-0.000660269, -4.27e-06, -8.62e-07, 0.000554212]
[-0.001802386, -4.365e-06, -9.38e-07, 0.001668918]
[-0.002083336, -4.325e-06, -7.88e-07, 0.00200899]
[-0.001799602, -4.196e-06, -6.51e-07, 0.001844051]
[-0.001052589, -4.163e-06, -6.89e-07, 0.001219537]
[-7.0334e-05, -4.28e-06, -7.6e-07, 0.000358107]
[0.000596817, -4.199e-06, -9.43e-07, -0.00027658]
[0.000520712, -4.289e-06, -9.69e-07, -0.00029461]
[0.000146361, -4.36e-06, -9.26e-07, -0.000114559]
[0.000119558, -4.32e-06, -8.6e-07, -0.000263834]
[0.00049836, -4.147e-06, -8.45e-07, -0.000682999]
[0.001298706, -4.206e-06, -8.1e-07, -0.00143063]
[0.001901499, -4.306e-06, -8.24e-07, -0.002015602]
[0.002167667, -4.239e-06, -5.91e-07, -0.002253661]
[0.001771786, -4.296e-06, -6.15e-07, -0.001827574]
[0.000680213, -4.158e-06, -5.84e-07, -0.000772575]
[-0.000244099, -4.185e-06, -8.48e-07, 0.000172836]
[-0.000993697, -4.282e-06, -9.62e-07, 0.001042479]
[-0.001509374, -4.303e-06, -1.05e-06, 0.001679621]
[-0.001765271, -4.182e-06, -9.38e-07, 0.002000766]
[-0.002020789, -4.101e-06, -9.21e-07, 0.002210422]
[-0.002137946, -4.18e-06, -8.81e-07, 0.002248893]
[-0.002139905, -4.282e-06, -6.77e-07, 0.002123796]
[-0.001584793, -4.251e-06, -7.53e-07, 0.001441289]
[-0.00043061, -4.327e-06, -6.86e-07, 0.000261098]
[0.001112673, -4.396e-06, -7.15e-07, -0.001224926]
[0.002332122, -4.42e-06, -7.91e-07, -0.002416666]
[0.002901175, -4.436e-06, -8.29e-07, -0.002955598]
[0.002735145, -4.496e-06, -8.48e-07, -0.002778228]
[0.001847812, -4.334e-06, -8.91e-07, -0.001924727]
[0.000767328, -4.237e-06, -7.31e-07, -0.000857958]
[-7.8808e-05, -4.225e-06, -8.15e-07, 7.0883e-05]
[-0.000499421, -4.386e-06, -1.012e-06, 0.000603393]
[-0.000847533, -4.434e-06, -8.93e-07, 0.001023722]
[-0.001269507, -4.327e-06, -9.83e-07, 0.001473468]
[-0.00165688, -4.36e-06, -8.88e-07, 0.001841348]
[-0.001887717, -4.201e-06, -6.91e-07, 0.001987262]
[-0.001848601, -4.142e-06, -8.24e-07, 0.001827811]
[-0.001220965, -4.168e-06, -9.76e-07, 0.001142881]
[-0.000230227, -4.251e-06, -9.21e-07, 0.00015791]
[0.000605486, -4.432e-06, -9.64e-07, -0.000675651]
[0.00114347, -4.472e-06, -8.91e-07, -0.00124787]
[0.001155126, -4.296e-06, -6.7e-07, -0.001348246]
[0.001058806, -4.332e-06, -6.44e-07, -0.001281313]
[0.001077974, -4.28e-06, -7.91e-07, -0.001218787]
[0.001332463, -4.403e-06, -8.38e-07, -0.001335768]
[0.001614571, -4.429e-06, -6.46e-07, -0.001459157]
[0.001229035, -4.415e-06, -6.58e-07, -0.00095515]
[6.7444e-05, -4.394e-06, -7.31e-07, 0.000185081]
[-0.001367285, -4.394e-06, -7.34e-07, 0.001501318]
[-0.002474729, -4.299e-06, -7.36e-07, 0.002492467]
[-0.00267247, -4.158e-06, -7.62e-07, 0.002647924]
[-0.001810218, -4.306e-06, -8.1e-07, 0.001788369]
[-0.000491613, -4.37e-06, -8.83e-07, 0.000461815]
[0.00062349, -4.42e-06, -8.72e-07, -0.000648357]
[0.00107681, -4.258e-06, -8.67e-07, -0.00116711]
[0.00110818, -4.372e-06, -6.86e-07, -0.001310647]
[0.000976296, -4.42e-06, -6.41e-07, -0.001190175]
[0.000726022, -4.377e-06, -7.05e-07, -0.000845922]
[0.000623855, -4.258e-06, -7.62e-07, -0.000647794]
[0.000585784, -4.082e-06, -7.5e-07, -0.000524885]
[0.000375448, -4.17e-06, -7.41e-07, -0.000255125]
[2.406e-06, -4.287e-06, -8.26e-07, 0.000141899]
[-0.000252121, -4.17e-06, -7.31e-07, 0.000374757]
[-0.000446049, -4.227e-06, -6.89e-07, 0.000590503]
[-0.000457605, -4.41e-06, -7.29e-07, 0.000636072]
[-0.000250651, -4.37e-06, -7.31e-07, 0.000404595]
[-0.000309042, -4.282e-06, -7.58e-07, 0.000330912]
[-0.000562997, -4.27e-06, -7.67e-07, 0.000448689]
[-0.000686607, -4.353e-06, -7.86e-07, 0.000466404]
[-0.000294099, -4.294e-06, -6.67e-07, 5.1943e-05]
[0.000427373, -4.132e-06, -6.86e-07, -0.000584803]
[0.001092657, -4.182e-06, -7.98e-07, -0.001159541]
[0.001345249, -4.232e-06, -8.98e-07, -0.001386928]
[0.000583361, -4.358e-06, -1.057e-06, -0.000639648]
[-0.000545988, -4.384e-06, -9.59e-07, 0.000475499]
[-0.001460981, -4.332e-06, -7.96e-07, 0.001391443]
[-0.001597567, -4.318e-06, -7.05e-07, 0.001626828]
[-0.001206537, -4.187e-06, -7.39e-07, 0.001385304]
[-0.000389736, -4.204e-06, -7.46e-07, 0.000636846]
[0.000502946, -4.175e-06, -9.19e-07, -0.000299813]
[0.00076754, -4.28e-06, -9.31e-07, -0.000643051]
[0.000230802, -4.154e-06, -8.24e-07, -0.000230498]
[-8.9594e-05, -4.135e-06, -7.55e-07, -2.596e-06]
[0.00025413, -4.163e-06, -7.2e-07, -0.000367502]
[0.000941418, -4.341e-06, -7.05e-07, -0.001037957]
[0.001643756, -4.372e-06, -7.43e-07, -0.001730769]
[0.001938851, -4.325e-06, -9.57e-07, -0.002012906]
[0.001564015, -4.308e-06, -8.55e-07, -0.001596798]
[0.000363261, -4.462e-06, -7.43e-07, -0.000430567]
[-0.000864962, -4.339e-06, -7.77e-07, 0.000776001]
[-0.001646186, -4.227e-06, -8.95e-07, 0.001627232]
[-0.002127059, -4.239e-06, -8.74e-07, 0.002206539]
[-0.001792791, -4.168e-06, -8.29e-07, 0.001955356]
[-0.000960123, -4.351e-06, -8.69e-07, 0.001212909]
[-0.000357076, -4.296e-06, -8.53e-07, 0.000610734]
[-0.000174582, -4.294e-06, -7.12e-07, 0.000288279]
[9.9365e-05, -4.415e-06, -7.31e-07, -0.000136717]
[0.000398532, -4.42e-06, -8.31e-07, -0.000482529]
[0.000566844, -4.401e-06, -8.36e-07, -0.000683151]
[0.000905753, -4.391e-06, -8.53e-07, -0.001081861]
[0.001170435, -4.272e-06, -1.071e-06, -0.00137607]
[0.000988389, -4.09e-06, -9.57e-07, -0.001195881]
[0.000889212, -4.049e-06, -7.46e-07, -0.00107201]
[0.000847093, -4.118e-06, -8.34e-07, -0.000938958]
[0.000469132, -4.137e-06, -8.48e-07, -0.000398385]
[-0.000250977, -4.154e-06, -8.38e-07, 0.000435958]
[-0.000890836, -4.294e-06, -7.91e-07, 0.001119634]
[-0.001711136, -4.313e-06, -6.98e-07, 0.001904094]
[-0.002484561, -4.296e-06, -6.29e-07, 0.00259495]
[-0.002233971, -4.31e-06, -7.55e-07, 0.002281324]
[-0.001476644, -4.382e-06, -8.34e-07, 0.001493678]
[-0.000626532, -4.315e-06, -7.91e-07, 0.000622098]
[0.000368191, -4.244e-06, -9.14e-07, -0.000403059]
[0.001418749, -4.227e-06, -7.88e-07, -0.00147857]
[0.002112107, -4.163e-06, -6.17e-07, -0.00220036]
[0.002273746, -4.403e-06, -5.51e-07, -0.00242959]
[0.002379857, -4.28e-06, -6.06e-07, -0.002543211]
[0.002159298, -4.18e-06, -7.62e-07, -0.002224132]
[0.001285649, -4.073e-06, -7.79e-07, -0.001289677]
[0.000448469, -4.016e-06, -7.36e-07, -0.000394625]
[-0.000406495, -4.353e-06, -8.55e-07, 0.000521752]
[-0.001381235, -4.308e-06, -9.69e-07, 0.001526663]
[-0.002182724, -4.17e-06, -7.93e-07, 0.002282514]
[-0.002298718, -4.325e-06, -8.26e-07, 0.002346467]
[-0.002086993, -4.315e-06, -8.55e-07, 0.002141351]
[-0.001857241, -4.367e-06, -8.62e-07, 0.001903204]
[-0.001050233, -4.403e-06, -9.36e-07, 0.001060687]
[-2.5501e-05, -4.358e-06, -9.05e-07, 3.298e-05]
[0.000702556, -4.225e-06, -9.26e-07, -0.000764702]
[0.000930971, -4.22e-06, -8.91e-07, -0.001131088]
[0.001432257, -4.334e-06, -8.72e-07, -0.001635663]
[0.001336992, -4.36e-06, -8.55e-07, -0.00151908]
[0.00089665, -4.372e-06, -8.03e-07, -0.001018661]
[0.001046939, -4.484e-06, -8.12e-07, -0.001016462]
[0.000958487, -4.332e-06, -8.22e-07, -0.000865043]
[0.000496327, -4.351e-06, -8.41e-07, -0.000367592]
[-5.4152e-05, -4.455e-06, -8.12e-07, 0.000175406]
[-0.000272899, -4.36e-06, -7.62e-07, 0.000487433]
[-0.000577054, -4.443e-06, -8.29e-07, 0.000822195]
[-0.00095321, -4.379e-06, -6.6e-07, 0.001126944]
[-0.001121733, -4.315e-06, -8.15e-07, 0.00121853]
[-0.001482248, -4.268e-06, -8.41e-07, 0.001462371]
[-0.00159031, -4.239e-06, -6.36e-07, 0.001366808]
[-0.000933679, -4.239e-06, -7.15e-07, 0.000614881]
[3.676e-06, -4.401e-06, -6.96e-07, -0.000271652]
[0.000883353, -4.379e-06, -8.86e-07, -0.001050969]
[0.001683436, -4.27e-06, -9.26e-07, -0.001755268]
[0.002005171, -4.071e-06, -8.5e-07, -0.002001505]
[0.001402044, -4.244e-06, -9.29e-07, -0.001320562]
[0.000433671, -4.287e-06, -9.38e-07, -0.000365108]
[-0.000258911, -4.161e-06, -8.17e-07, 0.00030126]
[-0.000854403, -4.341e-06, -9e-07, 0.000941573]
[-0.000860328, -4.47e-06, -8.36e-07, 0.001028925]
[-0.000319644, -4.422e-06, -8.64e-07, 0.000522676]
[0.000139873, -4.177e-06, -9.33e-07, 3.44e-05]
[-4.0746e-05, -4.192e-06, -8.19e-07, 0.000106271]
[-0.000239971, -4.163e-06, -7.05e-07, 0.000122562]
[-4.4455e-05, -4.268e-06, -8.19e-07, -0.000181433]
[-3.5853e-05, -4.163e-06, -8.07e-07, -0.00020902]
[0.000213164, -4.258e-06, -6.55e-07, -0.000388448]
[0.000894971, -4.315e-06, -5.41e-07, -0.000957133]
[0.000976673, -4.242e-06, -6.22e-07, -0.000996846]
[0.00036902, -4.18e-06, -8.62e-07, -0.000422136]
[-2.3027e-05, -4.227e-06, -8.53e-07, -1.2302e-05]
[-0.000409081, -4.363e-06, -9.45e-07, 0.000438803]
[-0.000865888, -4.339e-06, -9.97e-07, 0.000991098]
[-0.000799088, -4.299e-06, -8.93e-07, 0.001019509]
[-0.000557881, -4.246e-06, -9.48e-07, 0.000798995]
[-0.000823527, -4.09e-06, -8.57e-07, 0.000986548]
[-0.001081275, -4.22e-06, -7.41e-07, 0.001106287]
[-0.000640185, -4.308e-06, -8.17e-07, 0.000537023]
[0.000136947, -4.427e-06, -8.22e-07, -0.000264551]
[0.000826382, -4.448e-06, -7.91e-07, -0.000926112]
[0.00158314, -4.441e-06, -8.57e-07, -0.001654631]
[0.001931049, -4.073e-06, -8.43e-07, -0.001961101]
[0.001319151, -4.118e-06, -7.67e-07, -0.001381138]
[0.000495731, -4.351e-06, -7.72e-07, -0.000635644]
[0.000218795, -4.493e-06, -7.12e-07, -0.000346252]
[-3.1089e-05, -4.434e-06, -8.19e-07, -1.5216e-05]
[-0.000508546, -4.477e-06, -7.81e-07, 0.000590172]
[-0.000708213, -4.405e-06, -7.74e-07, 0.000922766]
[-0.00117849, -4.337e-06, -8.1e-07, 0.001417925]
[-0.001973517, -4.325e-06, -6.74e-07, 0.002128351]
[-0.002267576, -4.334e-06, -7.31e-07, 0.002288152]
[-0.001846575, -4.275e-06, -8.05e-07, 0.001758816]
[-0.000831011, -4.251e-06, -8.48e-07, 0.000749766]
[0.000313322, -4.36e-06, -8.83e-07, -0.000317786]
[0.001454911, -4.346e-06, -8.19e-07, -0.001408791]
[0.001841726, -4.199e-06, -6.84e-07, -0.001806043]
[0.001210541, -4.296e-06, -6.25e-07, -0.001302233]
[0.000561187, -4.192e-06, -8.57e-07, -0.000750001]
[0.000233896, -4.365e-06, -9.05e-07, -0.000411888]
[0.000265261, -4.348e-06, -8.57e-07, -0.000349344]
[0.000898614, -4.377e-06, -8.81e-07, -0.000806908]
[0.001603022, -4.272e-06, -7.55e-07, -0.001357437]
[0.001286632, -4.263e-06, -7.03e-07, -0.001035881]
[0.000191284, -4.32e-06, -7.62e-07, -6.5734e-05]
[-0.000679608, -4.365e-06, -7.79e-07, 0.000662758]
[-0.001127281, -4.337e-06, -7.34e-07, 0.001070688]
[-0.00109688, -4.277e-06, -8.19e-07, 0.00107696]
[-0.000348859, -4.372e-06, -9.29e-07, 0.000378761]
[0.000329791, -4.403e-06, -6.44e-07, -0.000302395]
[3.213e-05, -4.389e-06, -5.77e-07, -0.00010685]
[-0.000644602, -4.417e-06, -6.82e-07, 0.000456624]
[-0.00097237, -4.332e-06, -7.62e-07, 0.000699141]
[-0.000998487, -4.413e-06, -6.58e-07, 0.000749712]
[-0.000594117, -4.375e-06, -7.03e-07, 0.000505663]
[6.676e-05, -4.394e-06, -7.05e-07, 3.2139e-05]
[0.000197402, -4.315e-06, -6.7e-07, -1.1459e-05]
[-0.000115521, -4.308e-06, -7.22e-07, 0.000296242]
[-0.000308809, -4.379e-06, -8.69e-07, 0.000419106]
[-6.476e-05, -4.294e-06, -9.12e-07, 0.000113847]
[0.000474958, -4.448e-06, -9.14e-07, -0.000424019]
[0.001195235, -4.548e-06, -7.34e-07, -0.001093249]
[0.00168772, -4.277e-06, -8.45e-07, -0.001551093]
[0.001300316, -4.173e-06, -7.2e-07, -0.001240044]
[0.000502858, -4.18e-06, -7.27e-07, -0.000606552]
[5.1573e-05, -4.325e-06, -6.86e-07, -0.000280423]
[-0.000386971, -4.272e-06, -8.31e-07, 9.7277e-05]
[-0.000431759, -4.263e-06, -8.22e-07, 0.000213549]
[4.7785e-05, -4.522e-06, -8.5e-07, -6.125e-05]
[0.00023653, -4.448e-06, -8.81e-07, -9.3769e-05]
[-0.000566105, -4.389e-06, -8.81e-07, 0.000688701]
[-0.001705852, -4.353e-06, -7.81e-07, 0.00172563]
[-0.002540743, -4.384e-06, -7.46e-07, 0.002478852]
[-0.002918196, -4.365e-06, -9.26e-07, 0.002834116]
[-0.002088418, -4.363e-06, -1.016e-06, 0.002064949]
[-0.000287903, -4.377e-06, -8.76e-07, 0.00042272]
[0.001108443, -4.253e-06, -9.26e-07, -0.000881467]
[0.001716173, -4.384e-06, -8.24e-07, -0.001566943]
