-0.000408328, -4.534e-06, -8.93e-07, 0.000424798
-0.000256235, -4.617e-06, -8.88e-07, 0.000195502
-0.000586097, -4.648e-06, -9.52e-07, 0.000401714
-0.000539462, -4.572e-06, -7.62e-07, 0.00029703
1.8681e-05, -4.55e-06, -8.05e-07, -0.000243769
0.000845079, -4.541e-06, -1.012e-06, -0.000946076
0.001413527, -4.413e-06, -9.57e-07, -0.001367281
0.001579663, -4.467e-06, -8.17e-07, -0.001421347
0.001072568, -4.496e-06, -8.69e-07, -0.000886557
0.00035331, -4.576e-06, -8.43e-07, -0.000226829
-5.5722e-05, -4.548e-06, -8.07e-07, 0.000110519
-0.000199147, -4.413e-06, -7.43e-07, 0.000243379
-4.042e-06, -4.403e-06, -9.1e-07, 8.9457e-05
7.8501e-05, -4.251e-06, -9.48e-07, 1.7097e-05
0.000207015, -4.31e-06, -9.1e-07, -0.000149757
0.000289844, -4.493e-06, -8.95e-07, -0.000271849
6.7798e-05, -4.662e-06, -7.6e-07, -0.000175752
-0.000104839, -4.636e-06, -6.91e-07, -0.000132791
-0.000117642, -4.462e-06, -7.36e-07, -0.000102348
-0.000238475, -4.458e-06, -8.38e-07, 0.000102307
-0.000637155, -4.531e-06, -9.57e-07, 0.000568141
-0.001089318, -4.436e-06, -9.24e-07, 0.001081123
-0.001304335, -4.643e-06, -1.005e-06, 0.001346864
-0.00130134, -4.553e-06, -9.29e-07, 0.001334173
-0.000592386, -4.496e-06, -7.5e-07, 0.000632056
0.00050832, -4.439e-06, -7.29e-07, -0.000354844
0.001215932, -4.313e-06, -8.26e-07, -0.000964581
0.001318358, -4.493e-06, -1.024e-06, -0.001100072
0.001044721, -4.567e-06, -1.123e-06, -0.00094386
0.000515141, -4.517e-06, -9.74e-07, -0.000554822
-5.7415e-05, -4.337e-06, -8.86e-07, -0.00015483
1.2095e-05, -4.465e-06, -9.57e-07, -0.000326626
0.000714041, -4.391e-06, -1.097e-06, -0.00094035
0.001019295, -4.396e-06, -1.05e-06, -0.001082066
0.000885747, -4.386e-06, -9.14e-07, -0.000870692
0.000422573, -4.614e-06, -1.009e-06, -0.000380227
-0.000641662, -4.555e-06, -8.24e-07, 0.000691451
-0.00188396, -4.557e-06, -8.31e-07, 0.0019047
-0.00213104, -4.626e-06, -7.2e-07, 0.002179069
-0.001675603, -4.648e-06, -8.07e-07, 0.001796945
-0.001181316, -4.61e-06, -9.02e-07, 0.001354988
-0.000659607, -4.517e-06, -8.83e-07, 0.000837518
-5.0495e-05, -4.306e-06, -8.36e-07, 0.000157651
0.000281745, -4.401e-06, -9.05e-07, -0.000334463
0.000692123, -4.424e-06, -8.55e-07, -0.000866434
0.001472549, -4.315e-06, -8.17e-07, -0.001640101
0.002240087, -4.508e-06, -9.86e-07, -0.002337753
0.002513437, -4.683e-06, -9.64e-07, -0.002538297
0.002303664, -4.643e-06, -9.07e-07, -0.002303094
0.00128625, -4.598e-06, -7.93e-07, -0.001315071
-0.000220222, -4.738e-06, -8.1e-07, 0.000132497
-0.001544878, -4.678e-06, -1.026e-06, 0.001421777
-0.002073774, -4.603e-06, -1.076e-06, 0.002063475
-0.002222399, -4.697e-06, -1.038e-06, 0.002353938
-0.002243962, -4.617e-06, -9.07e-07, 0.002409686
-0.002110948, -4.484e-06, -8.45e-07, 0.002254984
-0.001658176, -4.517e-06, -8.62e-07, 0.00175595
-0.000833274, -4.386e-06, -7.93e-07, 0.000844222
0.000615902, -4.052e-06, -8.31e-07, -0.00066026
0.002114746, -4.268e-06, -8.74e-07, -0.002132165
0.002726043, -4.405e-06, -9.71e-07, -0.002736597
0.002365858, -4.595e-06, -1.071e-06, -0.002416214
0.001519078, -4.489e-06, -1.035e-06, -0.001630827
0.000422891, -4.313e-06, -9.95e-07, -0.000620899
-0.000189757, -4.529e-06, -9.33e-07, 1.6626e-05
-0.000260545, -4.614e-06, -9.36e-07, 0.000208768
-0.000224566, -4.612e-06, -9.19e-07, 0.000303328
-0.000362672, -4.674e-06, -8e-07, 0.000563702
-0.000719729, -4.541e-06, -8.86e-07, 0.00099296
-0.001471628, -4.455e-06, -7.93e-07, 0.001690259
-0.002439999, -4.242e-06, -8.36e-07, 0.002514593
-0.002634432, -4.367e-06, -8.86e-07, 0.002581524
-0.00194646, -4.401e-06, -8.62e-07, 0.001860409
-0.000719627, -4.353e-06, -6.91e-07, 0.000616241
0.000884989, -4.477e-06, -7.41e-07, -0.000968808
0.002367299, -4.505e-06, -7.81e-07, -0.002413585
0.003057743, -4.413e-06, -7.24e-07, -0.003095034
0.002766218, -4.401e-06, -9.29e-07, -0.002864286
0.00209042, -4.524e-06, -8.76e-07, -0.002226759
0.001332786, -4.403e-06, -7.43e-07, -0.001419492
0.000425824, -4.405e-06, -8.74e-07, -0.00042747
-0.000205578, -4.47e-06, -8.93e-07, 0.000290138
-0.000646685, -4.541e-06, -7.01e-07, 0.000805464
-0.001111483, -4.529e-06, -7.22e-07, 0.001267035
-0.001623489, -4.467e-06, -8.24e-07, 0.001713889
-0.00163817, -4.51e-06, -9e-07, 0.001688473
-0.001258172, -4.56e-06, -9.71e-07, 0.001294857
-0.000687371, -4.683e-06, -9.81e-07, 0.000747577
1.182e-05, -4.593e-06, -1.021e-06, 4.0572e-05
0.000368497, -4.472e-06, -1.033e-06, -0.000365787
0.000111897, -4.498e-06, -8e-07, -0.000249098
-0.000160511, -4.451e-06, -8.15e-07, -0.000112225
9.426e-06, -4.367e-06, -7.98e-07, -0.000302716
0.000541355, -4.427e-06, -9.14e-07, -0.000741122
0.001109246, -4.408e-06, -9.69e-07, -0.001144361
0.001400308, -4.382e-06, -8.5e-07, -0.001290817
0.001077475, -4.455e-06, -7.84e-07, -0.000890888
0.000129312, -4.451e-06, -7.69e-07, 3.4262e-05
-0.000667206, -4.429e-06, -6.63e-07, 0.000774795
-0.001047278, -4.569e-06, -8.03e-07, 0.001123771
-0.001034542, -4.512e-06, -1.007e-06, 0.00114072
-0.000667643, -4.593e-06, -1.088e-06, 0.000802935
-0.000270821, -4.534e-06, -9.43e-07, 0.000396839
-0.000191056, -4.462e-06, -6.25e-07, 0.000198204
-0.000435397, -4.382e-06, -6.51e-07, 0.000268864
-0.00030691, -4.365e-06, -8.81e-07, 2.8449e-05
6.077e-06, -4.536e-06, -9.43e-07, -0.000289069
0.0003163, -4.612e-06, -8.69e-07, -0.000498134
0.000827702, -4.429e-06, -1.002e-06, -0.000846471
0.001132693, -4.467e-06, -1.019e-06, -0.001036703
0.00054776, -4.519e-06, -9.64e-07, -0.000473561
-0.00024081, -4.489e-06, -9.57e-07, 0.000257367
-0.000812088, -4.56e-06, -1.026e-06, 0.000810962
-0.001055139, -4.524e-06, -1.13e-06, 0.00108346
-0.000852717, -4.574e-06, -1.047e-06, 0.000965008
-0.000314476, -4.595e-06, -1.059e-06, 0.000488269
0.00019834, -4.5e-06, -8.83e-07, -6.253e-06
0.000560351, -4.5e-06, -7.31e-07, -0.000421713
0.000586886, -4.51e-06, -8.81e-07, -0.000615947
0.000625539, -4.46e-06, -9.26e-07, -0.000777635
0.00048171, -4.434e-06, -9.24e-07, -0.000661639
0.000402705, -4.455e-06, -8.86e-07, -0.000554953
0.000616612, -4.472e-06, -8.05e-07, -0.000689043
0.000492014, -4.458e-06, -7.43e-07, -0.000537329
6.183e-05, -4.389e-06, -8.6e-07, -0.000118974
-0.000326398, -4.522e-06, -7.6e-07, 0.000251853
-0.000540951, -4.607e-06, -8.67e-07, 0.000477993
-0.00051203, -4.705e-06, -7.69e-07, 0.000565783
-0.000164044, -4.636e-06, -9.31e-07, 0.000398181
0.000251622, -4.541e-06, -9e-07, 7.2491e-05
-1.1908e-05, -4.538e-06, -7.22e-07, 0.00025959
-0.000541048, -4.508e-06, -6.98e-07, 0.000621385
-0.00103476, -4.541e-06, -8.55e-07, 0.000925614
-0.001128801, -4.446e-06, -1.033e-06, 0.000867294
-0.000356701, -4.474e-06, -1.014e-06, 0.000114621
0.001083806, -4.617e-06, -9.64e-07, -0.001143162
0.002114071, -4.417e-06, -7.29e-07, -0.002052928
0.00201037, -4.242e-06, -8.1e-07, -0.00197721
0.00110238, -4.22e-06, -7.22e-07, -0.001185142
-0.000107161, -4.379e-06, -8.45e-07, -2.4335e-05
-0.001258906, -4.643e-06, -9.57e-07, 0.001137113
-0.001333738, -4.462e-06, -9.05e-07, 0.001348593
-0.000643728, -4.389e-06, -9.33e-07, 0.000874561
-0.00043967, -4.553e-06, -8.74e-07, 0.000756497
-0.000831495, -4.572e-06, -7.91e-07, 0.001034794
-0.001312739, -4.519e-06, -8.67e-07, 0.001343796
-0.00145607, -4.603e-06, -8.69e-07, 0.001386443
-0.000980176, -4.548e-06, -9.45e-07, 0.000884607
0.000342298, -4.553e-06, -1.159e-06, -0.000377609
0.001562754, -4.432e-06, -1.026e-06, -0.001543513
0.00188799, -4.531e-06, -7.98e-07, -0.001893279
0.001586211, -4.527e-06, -7.08e-07, -0.001701772
0.001186496, -4.595e-06, -7.69e-07, -0.001406449
0.000842963, -4.515e-06, -8.74e-07, -0.001077672
0.000658695, -4.462e-06, -8.64e-07, -0.000750517
0.0005692, -4.474e-06, -6.79e-07, -0.000475108
-0.000122942, -4.415e-06, -8.07e-07, 0.000309888
-0.001271656, -4.386e-06, -8e-07, 0.001407447
-0.002169646, -4.386e-06, -8.05e-07, 0.002211731
-0.002260216, -4.424e-06, -6.6e-07, 0.00228743
-0.001860499, -4.643e-06, -8.1e-07, 0.001887917
-0.001072416, -4.74e-06, -8.57e-07, 0.001102326
1.9068e-05, -4.641e-06, -8.43e-07, 6.8586e-05
0.000637157, -4.576e-06, -8.48e-07, -0.000575467
0.000704173, -4.562e-06, -8.19e-07, -0.000801287
0.000999223, -4.379e-06, -7.34e-07, -0.001200869
0.001384432, -4.363e-06, -7.36e-07, -0.001572427
0.001701841, -4.42e-06, -7.08e-07, -0.001826381
0.001961322, -4.676e-06, -7.69e-07, -0.00199281
0.001855699, -4.714e-06, -8.29e-07, -0.001806029
0.001148427, -4.51e-06, -6.67e-07, -0.001030469
4.6707e-05, -4.432e-06, -5.46e-07, 6.5549e-05
-0.000827783, -4.462e-06, -6.93e-07, 0.000888936
-0.00150536, -4.465e-06, -8.17e-07, 0.001538526
-0.00191804, -4.455e-06, -9.67e-07, 0.001991096
-0.001845668, -4.565e-06, -9.29e-07, 0.001937511
-0.001592188, -4.557e-06, -7.55e-07, 0.001662838
-0.001210746, -4.41e-06, -6.53e-07, 0.001211035
-0.000993134, -4.472e-06, -7.6e-07, 0.000901164
-0.000750844, -4.553e-06, -9.19e-07, 0.000576448
-0.000676919, -4.641e-06, -1.005e-06, 0.000442256
-0.000126379, -4.455e-06, -1.064e-06, -6.2955e-05
0.000738592, -4.363e-06, -9.29e-07, -0.000813952
0.001349716, -4.339e-06, -7.81e-07, -0.001327521
0.001732629, -4.441e-06, -7.27e-07, -0.00164971
0.002043426, -4.465e-06, -1.005e-06, -0.001876935
0.00195267, -4.403e-06, -8.15e-07, -0.001762828
0.001247069, -4.508e-06, -9.64e-07, -0.001083512
0.000552478, -4.716e-06, -9.83e-07, -0.000415223
-0.000167469, -4.65e-06, -9.95e-07, 0.000277684
-0.00071236, -4.479e-06, -8.69e-07, 0.000764844
-0.000859037, -4.503e-06, -8.38e-07, 0.000803313
-0.000502756, -4.51e-06, -8.57e-07, 0.000363441
-0.00019355, -4.36e-06, -7.53e-07, 2.0229e-05
-2.794e-05, -4.401e-06, -8.81e-07, -0.000136548
0.000301374, -4.448e-06, -1.09e-06, -0.000396421
0.00035815, -4.386e-06, -1.043e-06, -0.000406139
-0.000216508, -4.358e-06, -1.024e-06, 0.000181856
-0.000768364, -4.557e-06, -9.55e-07, 0.000781286
-0.001234592, -4.453e-06, -7.79e-07, 0.001250375
-0.001322331, -4.296e-06, -8.1e-07, 0.001333617
-0.000959522, -4.351e-06, -8.07e-07, 0.00101858
-0.000457814, -4.47e-06, -8.29e-07, 0.000591339
-0.000159869, -4.351e-06, -8.17e-07, 0.000325975
5.8602e-05, -4.242e-06, -9.71e-07, 6.7002e-05
0.000451494, -4.398e-06, -1.102e-06, -0.000396019
0.000839004, -4.633e-06, -1.021e-06, -0.000863974
0.001286984, -4.688e-06, -1.069e-06, -0.001363882
0.00157497, -4.484e-06, -1.076e-06, -0.001665764
0.001540889, -4.489e-06, -9.71e-07, -0.001629602
0.001167684, -4.334e-06, -5.79e-07, -0.001220701
0.000322052, -4.422e-06, -6.91e-07, -0.000390512
-0.000474184, -4.47e-06, -8.62e-07, 0.000376522
-0.001045462, -4.477e-06, -9.69e-07, 0.000955661
-0.001548241, -4.448e-06, -8.72e-07, 0.00153023
-0.001877793, -4.65e-06, -7.86e-07, 0.001946866
-0.002007404, -4.576e-06, -8.91e-07, 0.002097326
-0.00178793, -4.567e-06, -9.95e-07, 0.001877954
-0.001153138, -4.527e-06, -1e-06, 0.001288086
-8.6398e-05, -4.584e-06, -9.71e-07, 0.000222806
0.000929606, -4.617e-06, -9.93e-07, -0.000862504
0.001638327, -4.505e-06, -9.76e-07, -0.001619328
0.001817784, -4.503e-06, -9.17e-07, -0.001830044
0.001614232, -4.553e-06, -1.035e-06, -0.001706857
0.001422121, -4.339e-06, -9.12e-07, -0.001594444
0.001302171, -4.37e-06, -8.1e-07, -0.001468134
0.001241206, -4.443e-06, -8.69e-07, -0.001357199
0.000802952, -4.548e-06, -8.62e-07, -0.000868477
-5.8671e-05, -4.299e-06, -8.72e-07, 4.7676e-05
-0.000914478, -4.116e-06, -7.88e-07, 0.000970644
-0.00163832, -4.396e-06, -8e-07, 0.001744275
-0.002090436, -4.517e-06, -7.88e-07, 0.002192079
-0.002050175, -4.607e-06, -6.72e-07, 0.002149559
-0.001571693, -4.676e-06, -9.14e-07, 0.001656317
-0.00101722, -4.631e-06, -1.054e-06, 0.001057469
-0.000386159, -4.519e-06, -8.74e-07, 0.000366866
0.000486122, -4.467e-06, -7.5e-07, -0.000539737
0.001298312, -4.299e-06, -8.22e-07, -0.001356601
0.001905925, -4.337e-06, -9.88e-07, -0.001944873
0.002162846, -4.448e-06, -9.5e-07, -0.002234736
0.002127774, -4.567e-06, -9.83e-07, -0.002236657
0.001513005, -4.636e-06, -9.31e-07, -0.001596282
0.000340018, -4.603e-06, -8.74e-07, -0.000402876
-0.000708517, -4.448e-06, -8.29e-07, 0.000666183
-0.001554402, -4.496e-06, -8.6e-07, 0.001564948
-0.002210308, -4.458e-06, -8.48e-07, 0.002292882
-0.002558438, -4.534e-06, -6.96e-07, 0.002640288
-0.002400547, -4.567e-06, -6.79e-07, 0.002434282
-0.001574408, -4.363e-06, -7.79e-07, 0.001657478
-0.000662271, -4.384e-06, -8.17e-07, 0.000795509
0.000389268, -4.301e-06, -7.58e-07, -0.000253207
0.001203471, -4.339e-06, -8.64e-07, -0.001093242
0.001434694, -4.515e-06, -9.83e-07, -0.001420713
0.001513782, -4.584e-06, -9.74e-07, -0.001629749
0.001739537, -4.591e-06, -8.48e-07, -0.001943491
0.001901349, -4.662e-06, -7.79e-07, -0.002105757
0.001941278, -4.557e-06, -7.55e-07, -0.002064833
0.001759087, -4.536e-06, -7.29e-07, -0.001816409
0.001076477, -4.517e-06, -8.07e-07, -0.00104368
-0.000134829, -4.434e-06, -7.72e-07, 0.000174757
-0.001192245, -4.51e-06, -6.67e-07, 0.001194993
-0.001686577, -4.401e-06, -7.96e-07, 0.001750497
-0.00195096, -4.498e-06, -7.62e-07, 0.00211831
-0.001916577, -4.674e-06, -7.31e-07, 0.002095599
-0.001450304, -4.41e-06, -9.07e-07, 0.001610261
-0.001210368, -4.294e-06, -8.19e-07, 0.001308474
-0.001213838, -4.36e-06, -7.77e-07, 0.001162939
-0.00062817, -4.479e-06, -7.96e-07, 0.000428168
0.000301207, -4.377e-06, -7.53e-07, -0.000510875
0.001166402, -4.384e-06, -8.34e-07, -0.001303047
0.001608504, -4.505e-06, -7.53e-07, -0.00171172
0.0018843, -4.441e-06, -6.82e-07, -0.00194185
0.001527934, -4.508e-06, -8.86e-07, -0.001530038
0.000964664, -4.664e-06, -9.31e-07, -0.000946342
0.000635383, -4.674e-06, -9.71e-07, -0.000609034
0.00016132, -4.536e-06, -9.81e-07, -6.8819e-05
-0.000491865, -4.408e-06, -8.5e-07, 0.000646063
-0.000910659, -4.382e-06, -8.03e-07, 0.001084892
-0.001008582, -4.367e-06, -9.36e-07, 0.001172434
-0.001206891, -4.486e-06, -9.78e-07, 0.001335918
-0.001230096, -4.548e-06, -1e-06, 0.001223002
-0.000618222, -4.422e-06, -9.55e-07, 0.000524305
-7.7974e-05, -4.394e-06, -9.05e-07, -3.7955e-05
0.000271887, -4.489e-06, -9.36e-07, -0.000426795
0.000914495, -4.398e-06, -7.08e-07, -0.001035285
0.001269253, -4.294e-06, -9e-07, -0.001300699
0.000825817, -4.55e-06, -8.76e-07, -0.000881049
0.000193414, -4.643e-06, -6.96e-07, -0.000345938
-6.4364e-05, -4.508e-06, -8.62e-07, -6.216e-05
-0.000286129, -4.572e-06, -8.55e-07, 0.000300003
-0.000345872, -4.565e-06, -8.12e-07, 0.000472754
-0.000152524, -4.633e-06, -8.19e-07, 0.000345943
-0.000328654, -4.629e-06, -9.36e-07, 0.000577294
-0.000838928, -4.443e-06, -8.15e-07, 0.001026465
-0.001127464, -4.531e-06, -9.24e-07, 0.001113882
-0.000762914, -4.667e-06, -9.19e-07, 0.000640254
-0.000122078, -4.534e-06, -8.98e-07, 3.8542e-05
0.000651143, -4.436e-06, -9.93e-07, -0.000691321
0.001243158, -4.322e-06, -9.4e-07, -0.001279501
0.00115372, -4.505e-06, -9.38e-07, -0.001204654
0.000604507, -4.569e-06, -9.17e-07, -0.000726428
0.000125882, -4.574e-06, -9.93e-07, -0.000334717
1.2076e-05, -4.455e-06, -8.86e-07, -0.000179918
0.000260331, -4.28e-06, -7.12e-07, -0.000269959
0.00064668, -4.375e-06, -7.86e-07, -0.000465278
0.000651729, -4.448e-06, -9.36e-07, -0.000361085
-0.000135733, -4.291e-06, -8.67e-07, 0.000389752
-0.001081669, -4.367e-06, -8.86e-07, 0.00119937
-0.00152107, -4.588e-06, -8.22e-07, 0.001522412
-0.001359558, -4.522e-06, -8.12e-07, 0.001292339
-0.000614389, -4.479e-06, -7.6e-07, 0.000531694
0.000369851, -4.451e-06, -8.45e-07, -0.000409725
0.000722484, -4.472e-06, -9.97e-07, -0.000755136
0.000188931, -4.498e-06, -9.1e-07, -0.000338386
-0.000165764, -4.567e-06, -1.062e-06, -0.000102661
-0.000151925, -4.624e-06, -1.026e-06, -0.000104304
-5.808e-05, -4.5e-06, -7.67e-07, -8.3508e-05
0.000301984, -4.508e-06, -7.15e-07, -0.000270902
0.000715112, -4.472e-06, -7.48e-07, -0.000512272
0.000587494, -4.32e-06, -8.43e-07, -0.000266831
-0.000230099, -4.415e-06, -9.05e-07, 0.000513212
-0.00096539, -4.562e-06, -9.67e-07, 0.001066942
-0.001184204, -4.446e-06, -1.024e-06, 0.001192514
-0.001012529, -4.527e-06, -8.41e-07, 0.001000527
-0.000228007, -4.529e-06, -6.7e-07, 0.000220714
0.000842272, -4.436e-06, -8e-07, -0.000833153
0.00148606, -4.472e-06, -8.26e-07, -0.001521039
0.001695659, -4.603e-06, -8.15e-07, -0.001811054
0.00181345, -4.576e-06, -9.97e-07, -0.001983579
0.001502967, -4.408e-06, -8.31e-07, -0.001684611
0.000816923, -4.41e-06, -7.91e-07, -0.000940659
0.000363557, -4.481e-06, -7.08e-07, -0.000358124
-0.00038249, -4.5e-06, -7.41e-07, 0.000509021
-0.001546443, -4.581e-06, -8.34e-07, 0.001670948
-0.002494839, -4.678e-06, -9.02e-07, 0.00253602
-0.002739876, -4.448e-06, -8.55e-07, 0.002740014
-0.00265548, -4.348e-06, -7.74e-07, 0.002635553
-0.001802272, -4.303e-06, -7.24e-07, 0.001799455
2.42e-07, -4.517e-06, -8.22e-07, 8.1867e-05
0.001500955, -4.481e-06, -9.07e-07, -0.001346068
0.002004668, -4.579e-06, -1.016e-06, -0.001895849
0.002091588, -4.517e-06, -9.4e-07, -0.002164039
0.002061271, -4.465e-06, -8.6e-07, -0.002236123
0.001705303, -4.443e-06, -8.67e-07, -0.00188378
0.001450817, -4.576e-06, -8e-07, -0.001586099
0.001554668, -4.771e-06, -6.65e-07, -0.001549597
0.000891337, -4.603e-06, -8.53e-07, -0.000781542
-0.000438796, -4.688e-06, -9.81e-07, 0.000539595
-0.00171447, -4.669e-06, -8.17e-07, 0.001743589
-0.002772443, -4.47e-06, -6.39e-07, 0.002738062
-0.003322886, -4.28e-06, -7.69e-07, 0.00331707
-0.002804803, -4.458e-06, -8.64e-07, 0.002886052
-0.001643607, -4.531e-06, -8.26e-07, 0.001813602
-0.000890306, -4.565e-06, -8.74e-07, 0.001058538
-0.000458025, -4.465e-06, -1.1e-06, 0.000465081
0.000244923, -4.498e-06, -1.071e-06, -0.000411843
0.000904955, -4.55e-06, -8.31e-07, -0.001127915
0.001502705, -4.453e-06, -8.43e-07, -0.001697891
0.002337003, -4.517e-06, -9.21e-07, -0.002446974
0.002968842, -4.512e-06, -9.59e-07, -0.0029324
0.002497499, -4.524e-06, -1.016e-06, -0.002385182
0.001405065, -4.503e-06, -8.69e-07, -0.001358866
0.000416042, -4.555e-06, -8.86e-07, -0.000415035
-0.000623898, -4.491e-06, -8.86e-07, 0.000645635
-0.001253883, -4.256e-06, -8.31e-07, 0.001335994
-0.001054584, -4.294e-06, -6.84e-07, 0.001234266
-0.000986061, -4.301e-06, -7.74e-07, 0.001177652
-0.001334866, -4.491e-06, -8.41e-07, 0.001431101
-0.001523405, -4.617e-06, -8.79e-07, 0.001450993
-0.001279068, -4.538e-06, -9.55e-07, 0.001066999
-0.000802688, -4.579e-06, -8.29e-07, 0.000575664
0.000142511, -4.636e-06, -6.67e-07, -0.000283094
0.001453567, -4.527e-06, -8.72e-07, -0.001489259
0.00191235, -4.517e-06, -9.43e-07, -0.001917192
0.001578383, -4.584e-06, -1.047e-06, -0.001577414
0.001021416, -4.619e-06, -1.043e-06, -0.001018212
0.000352889, -4.474e-06, -8.69e-07, -0.000360532
-0.000296204, -4.512e-06, -7.15e-07, 0.000298061
-0.000382426, -4.524e-06, -8.43e-07, 0.00045807
-0.000262526, -4.664e-06, -9.45e-07, 0.000420431
-0.000653375, -4.721e-06, -9.71e-07, 0.000812363
-0.001057939, -4.664e-06, -8.64e-07, 0.001135381
-0.000856267, -4.546e-06, -9.02e-07, 0.000886682
-0.000749804, -4.522e-06, -9.21e-07, 0.000709256
-0.000351032, -4.384e-06, -8.17e-07, 0.000236392
0.000552806, -4.382e-06, -7.5e-07, -0.00065025
0.001264596, -4.505e-06, -7.48e-07, -0.001278658
0.001180084, -4.6e-06, -8.36e-07, -0.001202555
0.000844918, -4.664e-06, -8.15e-07, -0.000941288
0.000368887, -4.664e-06, -8.86e-07, -0.000512906
-0.000646991, -4.6e-06, -7.91e-07, 0.000506038
-0.001386329, -4.612e-06, -8.29e-07, 0.001277309
-0.001083008, -4.574e-06, -9.17e-07, 0.001090568
-0.000648962, -4.439e-06, -6.91e-07, 0.000788063
-0.000515701, -4.538e-06, -8.29e-07, 0.000723894
-0.000381614, -4.657e-06, -9.62e-07, 0.000561638
-0.000328521, -4.46e-06, -9.4e-07, 0.000452843
-0.00041147, -4.436e-06, -1.005e-06, 0.000456697
6.301e-06, -4.436e-06, -9.31e-07, -5.094e-06
0.000704658, -4.382e-06, -9.4e-07, -0.000715658
0.000905936, -4.524e-06, -9.26e-07, -0.000935403
0.000764564, -4.622e-06, -9.21e-07, -0.000840546
0.000664515, -4.486e-06, -7.43e-07, -0.000804666
0.000307928, -4.562e-06, -7.46e-07, -0.000484111
-0.000185449, -4.664e-06, -1.012e-06, 3.2189e-05
-1.581e-05, -4.614e-06, -1.014e-06, -5.2264e-05
0.000385781, -4.624e-06, -8.45e-07, -0.000325913
0.000290143, -4.6e-06, -1e-06, -0.000160767
-7.6397e-05, -4.474e-06, -1.057e-06, 0.000212803
-4.7241e-05, -4.434e-06, -8.76e-07, 0.000214603
-0.000184542, -4.337e-06, -7.58e-07, 0.000341181
-0.000379471, -4.505e-06, -7.48e-07, 0.000468313
-0.000126032, -4.439e-06, -8.24e-07, 0.000155633
7.6573e-05, -4.477e-06, -8.31e-07, -7.7262e-05
-0.000188907, -4.491e-06, -8.76e-07, 0.000123199
-7.7993e-05, -4.531e-06, -8.72e-07, -6.8147e-05
0.000237236, -4.372e-06, -8.05e-07, -0.000434471
0.000239663, -4.391e-06, -7.55e-07, -0.000439803
0.000299671, -4.524e-06, -6.08e-07, -0.00044051
0.000301571, -4.405e-06, -6.84e-07, -0.000374916
0.000165602, -4.512e-06, -8.38e-07, -0.000146135
-0.000239784, -4.643e-06, -9.43e-07, 0.000354096
-0.000554934, -4.489e-06, -9.4e-07, 0.000682415
-0.00100612, -4.465e-06, -8.43e-07, 0.001134992
-0.001422216, -4.443e-06, -9.38e-07, 0.001536825
-0.001290287, -4.422e-06, -9.48e-07, 0.001385638
-0.000542775, -4.515e-06, -9.02e-07, 0.000656747
9.537e-05, -4.655e-06, -8.95e-07, 1.0886e-05
0.000749256, -4.595e-06, -9.57e-07, -0.000705138
0.001473126, -4.595e-06, -8.45e-07, -0.00152488
0.001748564, -4.522e-06, -7.48e-07, -0.001848121
0.001582401, -4.403e-06, -8.5e-07, -0.001710355
0.001595197, -4.353e-06, -9.5e-07, -0.001731154
0.001360971, -4.491e-06, -9.69e-07, -0.001480773
0.000424045, -4.441e-06, -8.22e-07, -0.000518736
-0.000501119, -4.322e-06, -8.79e-07, 0.000439166
-0.001270329, -4.334e-06, -8.48e-07, 0.001214999
-0.001948353, -4.453e-06, -7.86e-07, 0.001917403
-0.002267818, -4.472e-06, -7.48e-07, 0.002347863
-0.00192392, -4.446e-06, -8.64e-07, 0.002085981
-0.001485378, -4.405e-06, -1.104e-06, 0.001653519
-0.000979663, -4.603e-06, -9.62e-07, 0.001151671
-0.000364723, -4.391e-06, -6.89e-07, 0.000477354
0.000337522, -4.379e-06, -6.82e-07, -0.000334821
0.00088179, -4.489e-06, -8.1e-07, -0.000988911
0.001596879, -4.422e-06, -9.48e-07, -0.001722889
0.002099147, -4.481e-06, -8.86e-07, -0.002238913
0.002225011, -4.565e-06, -7.41e-07, -0.002388739
0.001998101, -4.394e-06, -7.96e-07, -0.002123008
0.00162457, -4.505e-06, -7.41e-07, -0.001712763
0.000766502, -4.648e-06, -6.27e-07, -0.000828643
-8.1736e-05, -4.287e-06, -6.86e-07, 9.2589e-05
-0.0006735, -4.296e-06, -8.03e-07, 0.000805887
-0.001306116, -4.553e-06, -8.41e-07, 0.001547728
-0.002104952, -4.619e-06, -9.45e-07, 0.002319533
-0.002482017, -4.598e-06, -8e-07, 0.002623631
-0.002415706, -4.455e-06, -7.2e-07, 0.002476783
-0.002211306, -4.489e-06, -1.031e-06, 0.002170083
-0.001413372, -4.474e-06, -9.21e-07, 0.001326198
9.803e-06, -4.41e-06, -9.62e-07, -8.446e-05
0.001240643, -4.522e-06, -1.092e-06, -0.001324702
0.002027381, -4.579e-06, -9.19e-07, -0.002123271
0.002450085, -4.386e-06, -8.48e-07, -0.002601048
0.00237094, -4.329e-06, -9.38e-07, -0.002556954
0.002029224, -4.398e-06, -9.07e-07, -0.002154444
0.00176349, -4.515e-06, -8.98e-07, -0.001733999
0.001431357, -4.567e-06, -8.48e-07, -0.001273663
0.000572983, -4.42e-06, -8.72e-07, -0.000364092
-0.000596665, -4.303e-06, -8.57e-07, 0.000785556
-0.001984068, -4.28e-06, -7.96e-07, 0.002087772
-0.003022488, -4.301e-06, -8.19e-07, 0.003039117
-0.00337387, -4.427e-06, -7.98e-07, 0.00335081
-0.002793192, -4.477e-06, -8.88e-07, 0.002784346
-0.001820739, -4.553e-06, -9.76e-07, 0.00180619
-0.000723006, -4.553e-06, -1e-06, 0.000644849
0.00037166, -4.534e-06, -8.5e-07, -0.000508455
0.001324692, -4.439e-06, -7.88e-07, -0.001495008
0.001825636, -4.626e-06, -7.96e-07, -0.001982273
0.001999042, -4.622e-06, -7.29e-07, -0.00206831
0.002255595, -4.47e-06, -8.41e-07, -0.002214065
0.002181518, -4.377e-06, -8.1e-07, -0.002054806
0.001521227, -4.31e-06, -8.5e-07, -0.001364469
0.000542077, -4.6e-06, -8.29e-07, -0.000396635
-0.000325241, -4.436e-06, -7.67e-07, 0.000414308
-0.000919092, -4.403e-06, -9.19e-07, 0.000981079
-0.001184095, -4.662e-06, -9.21e-07, 0.001261611
-0.001180732, -4.584e-06, -9.59e-07, 0.001262228
-0.001038864, -4.667e-06, -8.95e-07, 0.001074316
-0.000921474, -4.553e-06, -1.116e-06, 0.000872393
-0.000652881, -4.5e-06, -1.064e-06, 0.000496899
-0.00029794, -4.413e-06, -8.83e-07, 6.718e-05
0.000175204, -4.436e-06, -9.48e-07, -0.000392509
0.000622874, -4.524e-06, -8.36e-07, -0.000759149
0.000855108, -4.512e-06, -9.21e-07, -0.00089569
0.000735942, -4.439e-06, -9.5e-07, -0.000691938
1.1057e-05, -4.46e-06, -1.016e-06, 4.4866e-05
-0.000644913, -4.432e-06, -9.33e-07, 0.000661708
-0.000965504, -4.671e-06, -9.05e-07, 0.000986862
-0.000726607, -4.652e-06, -7.88e-07, 0.000801465
0.000150968, -4.486e-06, -8.93e-07, 5.0122e-05
0.000795746, -4.496e-06, -9.29e-07, -0.000529974
0.000895885, -4.472e-06, -1.033e-06, -0.00067169
0.000571542, -4.462e-06, -9.14e-07, -0.000473008
-7.5808e-05, -4.56e-06, -7.69e-07, -2.5292e-05
-0.000409708, -4.614e-06, -7.86e-07, 0.00018316
-0.000339068, -4.638e-06, -8.05e-07, 0.000132751
0.000272158, -4.51e-06, -7.91e-07, -0.00039763
0.000632329, -4.429e-06, -9.74e-07, -0.000697954
0.000489915, -4.534e-06, -1.054e-06, -0.000522059
-0.000122807, -4.377e-06, -1.005e-06, 7.7901e-05
-0.000791707, -4.31e-06, -8.74e-07, 0.000729677
-0.001065665, -4.612e-06, -8.17e-07, 0.001055379
-0.00108312, -4.543e-06, -8.29e-07, 0.001153259
-0.000800294, -4.384e-06, -8.76e-07, 0.000940084
-0.000343891, -4.481e-06, -9.5e-07, 0.000522914
-0.000198558, -4.398e-06, -9.29e-07, 0.000327716
-3.0263e-05, -4.436e-06, -8.45e-07, 3.588e-05
0.000288319, -4.394e-06, -8.38e-07, -0.000395309
0.00068962, -4.441e-06, -7.86e-07, -0.000833229
0.0012481, -4.534e-06, -8.36e-07, -0.001341756
0.001637885, -4.493e-06, -9.26e-07, -0.001700805
0.00167737, -4.553e-06, -1.038e-06, -0.001686119
0.001243745, -4.572e-06, -8.86e-07, -0.001211995
0.000403548, -4.46e-06, -7.69e-07, -0.000465955
-0.000272502, -4.624e-06, -7.84e-07, 0.000164239
-0.000737443, -4.584e-06, -7.55e-07, 0.000736165
-0.001011632, -4.389e-06, -7.55e-07, 0.001084906
-0.000874155, -4.413e-06, -8.05e-07, 0.001004125
-0.000832034, -4.56e-06, -9.45e-07, 0.00100417
-0.001153205, -4.427e-06, -8.74e-07, 0.001279277
-0.001570384, -4.382e-06, -9.62e-07, 0.001567509
-0.001476195, -4.382e-06, -8.6e-07, 0.001353369
-0.001012871, -4.329e-06, -8.36e-07, 0.000899395
-0.000129198, -4.339e-06, -9.12e-07, 8.2057e-05
0.00081735, -4.622e-06, -8.57e-07, -0.00083894
0.001246288, -4.638e-06, -8.6e-07, -0.001263767
0.001303803, -4.519e-06, -5.72e-07, -0.001336317
0.00098276, -4.472e-06, -6.53e-07, -0.001076119
0.000658813, -4.579e-06, -7.81e-07, -0.000768314
0.000788118, -4.524e-06, -7.65e-07, -0.000775265
0.001021283, -4.562e-06, -7.5e-07, -0.000875466
0.001031526, -4.496e-06, -7.96e-07, -0.00081086
0.000502119, -4.671e-06, -9.57e-07, -0.000303977
-0.000361023, -4.662e-06, -7.81e-07, 0.000436858
-0.00081792, -4.517e-06, -8.64e-07, 0.000812729
-0.001030578, -4.474e-06, -9.12e-07, 0.000951212
-0.000636269, -4.512e-06, -8.64e-07, 0.000538916
9.4734e-05, -4.593e-06, -8.72e-07, -0.000136736
0.000349557, -4.622e-06, -9.29e-07, -0.000380576
0.000213147, -4.382e-06, -9.55e-07, -0.000275742
-0.000238829, -4.455e-06, -9.81e-07, 0.000124612
-0.000857916, -4.474e-06, -1.071e-06, 0.000695063
-0.00120986, -4.593e-06, -9.52e-07, 0.001094429
-0.001214949, -4.593e-06, -8.72e-07, 0.001143679
-0.000695244, -4.591e-06, -7.69e-07, 0.000740519
-0.000292544, -4.614e-06, -6.96e-07, 0.000470619
-0.000220053, -4.555e-06, -7.1e-07, 0.000395839
-3.584e-06, -4.322e-06, -8.29e-07, 0.000111004
0.000276364, -4.427e-06, -8.83e-07, -0.00020146
0.000468731, -4.424e-06, -7.24e-07, -0.000436988
0.000975073, -4.557e-06, -7.69e-07, -0.000930024
0.001757719, -4.405e-06, -9.97e-07, -0.00166821
0.002046575, -4.384e-06, -1.031e-06, -0.001945241
0.001684003, -4.622e-06, -8.64e-07, -0.001700288
0.000891625, -4.574e-06, -8.88e-07, -0.001059015
-3.3274e-05, -4.598e-06, -9.64e-07, -0.000173366
-0.000699281, -4.6e-06, -9.69e-07, 0.000519632
-0.000884911, -4.503e-06, -9.48e-07, 0.000785304
-0.001014401, -4.467e-06, -8.91e-07, 0.001032447
-0.001265045, -4.465e-06, -9.64e-07, 0.001351832
-0.001736414, -4.489e-06, -8.19e-07, 0.001775813
-0.001856899, -4.386e-06, -7.77e-07, 0.00185677
-0.001754404, -4.275e-06, -7.98e-07, 0.001789032
-0.001097177, -4.51e-06, -8.88e-07, 0.001190937
9.9752e-05, -4.766e-06, -9.17e-07, 1.0528e-05
0.001057792, -4.614e-06, -1.059e-06, -0.000937633
0.001296481, -4.367e-06, -7.84e-07, -0.001246834
0.00136923, -4.481e-06, -7.53e-07, -0.001454666
0.001620357, -4.522e-06, -7.17e-07, -0.00179064
0.001694633, -4.441e-06, -9.71e-07, -0.001888292
0.001795126, -4.424e-06, -1.097e-06, -0.00193697
0.001787372, -4.524e-06, -9.4e-07, -0.001820554
0.001435076, -4.531e-06, -9.43e-07, -0.001356285
0.000438869, -4.498e-06, -8.38e-07, -0.00032422
-0.000596214, -4.477e-06, -8.17e-07, 0.000654795
-0.001462656, -4.562e-06, -8.74e-07, 0.001502316
-0.002174388, -4.538e-06, -8.95e-07, 0.002223515
-0.002322034, -4.562e-06, -8.48e-07, 0.002388977
-0.001921835, -4.605e-06, -8.36e-07, 0.002034283
-0.001450983, -4.451e-06, -8.69e-07, 0.001549495
-0.001061397, -4.234e-06, -9.81e-07, 0.001049839
-0.000610506, -4.363e-06, -9.48e-07, 0.000457393
-0.000119812, -4.315e-06, -7.39e-07, -9.2717e-05
0.000335978, -4.246e-06, -8.45e-07, -0.000540241
0.001238171, -4.455e-06, -8.38e-07, -0.001363274
0.002189929, -4.683e-06, -8.36e-07, -0.002140081
0.00218883, -4.491e-06, -8.26e-07, -0.002088933
0.001484766, -4.491e-06, -8.93e-07, -0.00146737
0.000397121, -4.5e-06, -8.5e-07, -0.000433034
-0.000957862, -4.51e-06, -8.45e-07, 0.000948139
-0.001743301, -4.453e-06, -9.24e-07, 0.001808617
-0.001503919, -4.486e-06, -9.57e-07, 0.001653049
-0.000785183, -4.588e-06, -9.21e-07, 0.001006832
-0.000501397, -4.465e-06, -7.24e-07, 0.000684301
-0.000385672, -4.427e-06, -7.05e-07, 0.000398309
-0.00014202, -4.353e-06, -8.36e-07, 3.3809e-05
9.0112e-05, -4.291e-06, -7.17e-07, -0.000202142
0.000717546, -4.453e-06, -8.1e-07, -0.00080597
0.001492695, -4.584e-06, -9.67e-07, -0.001544641
0.001753406, -4.484e-06, -8.5e-07, -0.001804989
0.001140093, -4.448e-06, -8.17e-07, -0.001246661
0.000392348, -4.491e-06, -9.57e-07, -0.000577208
0.000166374, -4.422e-06, -9.97e-07, -0.000301348
3.2199e-05, -4.496e-06, -9.19e-07, -3.0021e-05
3.8169e-05, -4.629e-06, -9.59e-07, 0.00010666
-0.000114398, -4.702e-06, -1.095e-06, 0.000385036
-0.000907919, -4.586e-06, -9e-07, 0.00116104
-0.001969983, -4.484e-06, -7.12e-07, 0.002060052
-0.002382736, -4.517e-06, -8.03e-07, 0.002307046
-0.001686986, -4.605e-06, -9.45e-07, 0.001581152
-0.000487592, -4.581e-06, -9.1e-07, 0.000466484
0.001111687, -4.417e-06, -9.67e-07, -0.001088896
0.002415542, -4.337e-06, -9.31e-07, -0.002415502
0.002477916, -4.5e-06, -7.74e-07, -0.002535841
0.001736174, -4.382e-06, -8.41e-07, -0.001905056
0.000947441, -4.394e-06, -1.019e-06, -0.001119479
0.000171447, -4.557e-06, -1.031e-06, -0.000310237
-0.000491478, -4.607e-06, -1.142e-06, 0.00039962
-0.000716159, -4.46e-06, -1.09e-06, 0.000761812
-0.001082804, -4.408e-06, -9.97e-07, 0.001229607
-0.001154122, -4.543e-06, -9.1e-07, 0.001401139
-0.001491256, -4.401e-06, -8.41e-07, 0.001676822
-0.001866424, -4.37e-06, -7.58e-07, 0.001925725
-0.002050337, -4.524e-06, -8.79e-07, 0.002029177
-0.001922854, -4.474e-06, -8.86e-07, 0.001927219
-0.000832189, -4.429e-06, -7.39e-07, 0.000870543
0.000381654, -4.455e-06, -8.76e-07, -0.000401218
0.001794185, -4.327e-06, -8.48e-07, -0.001883148
0.002545455, -4.467e-06, -8.45e-07, -0.00268472
0.002435952, -4.512e-06, -9.45e-07, -0.002604041
0.002614654, -4.512e-06, -1.071e-06, -0.002703572
0.002387372, -4.515e-06, -9e-07, -0.002351221
0.001785605, -4.579e-06, -8.15e-07, -0.001668564
0.000733171, -4.541e-06, -1.005e-06, -0.000640786
-0.000665071, -4.422e-06, -8.19e-07, 0.000679522
-0.001269559, -4.493e-06, -6.48e-07, 0.00131188
-0.002244931, -4.429e-06, -9.29e-07, 0.002269982
-0.002570937, -4.576e-06, -9.81e-07, 0.002625813
-0.002093714, -4.7e-06, -1.019e-06, 0.002219644
-0.001783354, -4.588e-06, -8.83e-07, 0.001900874
-0.001650373, -4.51e-06, -7.93e-07, 0.001619221
-0.001248983, -4.51e-06, -7.01e-07, 0.001042132
-0.000184247, -4.555e-06, -8.24e-07, -0.000101227
0.001043816, -4.555e-06, -9.74e-07, -0.001291069
0.002030293, -4.51e-06, -9.9e-07, -0.002159336
0.002737385, -4.467e-06, -9.26e-07, -0.002670387
0.00261591, -4.251e-06, -8.22e-07, -0.002432397
0.001544446, -4.327e-06, -9e-07, -0.001432495
0.000571874, -4.522e-06, -8.98e-07, -0.000530074
-0.000249461, -4.617e-06, -9.26e-07, 0.000272172
-0.000760361, -4.657e-06, -9.05e-07, 0.000800954
-0.000582784, -4.65e-06, -8.67e-07, 0.000710882
-0.000104884, -4.598e-06, -7.93e-07, 0.000337894
-0.000536583, -4.61e-06, -7.88e-07, 0.000702763
-0.001357304, -4.788e-06, -8.43e-07, 0.001374118
-0.001953109, -4.603e-06, -9.43e-07, 0.00178134
-0.001630124, -4.443e-06, -7.79e-07, 0.001386142
-0.000615987, -4.396e-06, -7.2e-07, 0.000411071
0.000525467, -4.344e-06, -8.45e-07, -0.000649801
0.001552528, -4.325e-06, -7.93e-07, -0.00153915
0.001488549, -4.472e-06, -6.58e-07, -0.001447927
0.000667878, -4.519e-06, -6.2e-07, -0.000749227
-0.000324932, -4.32e-06, -7.39e-07, 0.000168234
-0.001140796, -4.36e-06, -7.41e-07, 0.001003284
-0.001323099, -4.458e-06, -9.14e-07, 0.001321733
-0.000470531, -4.505e-06, -1.059e-06, 0.000689834
0.000655196, -4.56e-06, -9.69e-07, -0.000274203
0.001135947, -4.662e-06, -8.45e-07, -0.000780659
0.001068234, -4.534e-06, -6.96e-07, -0.000887651
0.000836516, -4.37e-06, -7.62e-07, -0.000879833
0.000578937, -4.522e-06, -8.64e-07, -0.000752763
0.000324973, -4.638e-06, -1.035e-06, -0.000500785
0.000129219, -4.515e-06, -8.91e-07, -0.000287521
-0.00011748, -4.455e-06, -7.15e-07, -3.0895e-05
-0.00054386, -4.484e-06, -8.17e-07, 0.000360947
-0.000637907, -4.503e-06, -7.91e-07, 0.000448794
-1.9087e-05, -4.432e-06, -6.89e-07, -4.0416e-05
0.000472977, -4.657e-06, -9.07e-07, -0.000358174
0.000562455, -4.683e-06, -9.02e-07, -0.00030604
-2.762e-06, -4.481e-06, -9.4e-07, 0.000309092
-0.001333389, -4.401e-06, -7.77e-07, 0.001524585
-0.002472637, -4.572e-06, -7.96e-07, 0.002508944
-0.002676975, -4.65e-06, -9.1e-07, 0.002574965
-0.001777621, -4.667e-06, -8.95e-07, 0.001610477
-7.7654e-05, -4.671e-06, -8.03e-07, -3.9656e-05
0.002008309, -4.724e-06, -9.9e-07, -0.001984113
0.003440136, -4.458e-06, -8.48e-07, -0.003327227
0.00350886, -4.462e-06, -8.72e-07, -0.003450139
0.002825664, -4.448e-06, -8.36e-07, -0.002897715
0.001792369, -4.446e-06, -7.98e-07, -0.001950008
0.000685564, -4.56e-06, -8.22e-07, -0.00087193
-0.000362681, -4.515e-06, -9.21e-07, 0.000238368
-0.001063748, -4.517e-06, -1.024e-06, 0.001088606
-0.001890403, -4.572e-06, -1.007e-06, 0.002005283
-0.002714869, -4.356e-06, -8.55e-07, 0.002826678
-0.003114213, -4.474e-06, -8.93e-07, 0.003191401
-0.002922464, -4.498e-06, -9.36e-07, 0.002989212
-0.002122941, -4.462e-06, -9.07e-07, 0.002174989
-0.000755509, -4.353e-06, -9.76e-07, 0.000846148
0.000491309, -4.232e-06, -9.62e-07, -0.000386449
0.001220673, -4.548e-06, -9.29e-07, -0.001160455
0.001481557, -4.643e-06, -1.085e-06, -0.00154551
0.00143286, -4.619e-06, -1.152e-06, -0.001604357
0.001304368, -4.622e-06, -9.88e-07, -0.001553898
0.001183577, -4.626e-06, -8.26e-07, -0.00144042
0.00150675, -4.626e-06, -8.93e-07, -0.001624738
0.001444889, -4.458e-06, -7.93e-07, -0.001386026
0.000956261, -4.232e-06, -8.53e-07, -0.000802935
0.000306368, -4.109e-06, -8.43e-07, -0.000115872
-0.000492665, -4.284e-06, -8.81e-07, 0.000644156
-0.001208506, -4.493e-06, -6.84e-07, 0.001302981
-0.001609997, -4.367e-06, -7.15e-07, 0.001705142
-0.001565941, -4.379e-06, -7.72e-07, 0.001690935
-0.001174826, -4.403e-06, -8.17e-07, 0.001296823
-0.000985356, -4.258e-06, -8.67e-07, 0.00095962
-0.000761686, -4.154e-06, -7.72e-07, 0.000561767
-0.00037048, -4.225e-06, -6.84e-07, 5.7576e-05
0.000192217, -4.415e-06, -8.1e-07, -0.000529084
0.001072067, -4.415e-06, -8.79e-07, -0.001317373
0.002050964, -4.605e-06, -8.22e-07, -0.002088033
0.002384595, -4.503e-06, -7.41e-07, -0.002251061
0.001703154, -4.386e-06, -8.88e-07, -0.001549478
0.000693539, -4.493e-06, -9.05e-07, -0.00058576
-0.000175463, -4.424e-06, -9.52e-07, 0.000288155
-0.000763149, -4.498e-06, -9.95e-07, 0.000880664
-0.000901801, -4.619e-06, -9.17e-07, 0.001044374
-0.000749244, -4.496e-06, -7.43e-07, 0.000947318
-0.000799517, -4.462e-06, -6.55e-07, 0.000979614
-0.001178091, -4.534e-06, -7.55e-07, 0.001207801
-0.00132108, -4.538e-06, -1.002e-06, 0.001139193
-0.000880353, -4.446e-06, -1.083e-06, 0.000567438
-8.5657e-05, -4.424e-06, -1.135e-06, -0.000204923
0.001098642, -4.491e-06, -1.083e-06, -0.001230096
0.001625301, -4.47e-06, -1.014e-06, -0.001629058
0.00146759, -4.538e-06, -8.29e-07, -0.001397218
0.000577681, -4.486e-06, -7.96e-07, -0.000528186
-0.000507546, -4.451e-06, -8.15e-07, 0.000480392
-0.001110407, -4.638e-06, -8.55e-07, 0.001068156
-0.001105933, -4.636e-06, -8.31e-07, 0.001151868
-0.000357091, -4.555e-06, -8.15e-07, 0.000571266
0.000248464, -4.327e-06, -7.98e-07, 5.0715e-05
0.000174954, -4.208e-06, -8.79e-07, 4.4923e-05
-0.00035952, -4.346e-06, -8.43e-07, 0.000424259
-0.001004215, -4.479e-06, -9.36e-07, 0.000868363
-0.000859758, -4.538e-06, -8.81e-07, 0.000609041
9.0319e-05, -4.598e-06, -8.36e-07, -0.000291219
0.001503489, -4.477e-06, -8.98e-07, -0.001570066
0.00257724, -4.451e-06, -7.98e-07, -0.002543949
0.002405565, -4.555e-06, -6.46e-07, -0.002418444
0.001353046, -4.633e-06, -7.03e-07, -0.001461606
-0.000154398, -4.491e-06, -8.1e-07, 2.8237e-05
-0.001386531, -4.574e-06, -9.24e-07, 0.001291622
-0.001878408, -4.605e-06, -1.014e-06, 0.001910105
-0.001802576, -4.527e-06, -1.005e-06, 0.001977419
-0.001453025, -4.569e-06, -9.17e-07, 0.001700931
-0.001096925, -4.394e-06, -7.46e-07, 0.00133521
-0.000688744, -4.477e-06, -7.86e-07, 0.000824361
-0.000293176, -4.681e-06, -9.4e-07, 0.000277984
0.000411174, -4.543e-06, -1.045e-06, -0.000468289
0.001016735, -4.579e-06, -8.74e-07, -0.001076038
0.001195808, -4.522e-06, -8.15e-07, -0.001258352
0.000992262, -4.453e-06, -8.12e-07, -0.001085395
0.000463898, -4.572e-06, -8.36e-07, -0.000626387
0.000145748, -4.726e-06, -9.69e-07, -0.000375938
0.000353248, -4.607e-06, -1.088e-06, -0.000553476
0.00078263, -4.522e-06, -1.04e-06, -0.000868049
0.001014755, -4.46e-06, -8.83e-07, -0.00091639
0.000873158, -4.408e-06, -7.55e-07, -0.000614401
-3.5682e-05, -4.477e-06, -7.91e-07, 0.000313258
-0.001321272, -4.612e-06, -9.88e-07, 0.00149554
-0.002527798, -4.569e-06, -9.31e-07, 0.002534067
-0.002711976, -4.538e-06, -9.52e-07, 0.00262568
-0.0016648, -4.584e-06, -9.76e-07, 0.001600735
-6.5399e-05, -4.624e-06, -1.066e-06, 6.2675e-05
0.001400876, -4.467e-06, -9.43e-07, -0.001371905
0.002118232, -4.227e-06, -8.88e-07, -0.002095642
0.001974274, -4.401e-06, -8.53e-07, -0.002028868
0.001204766, -4.565e-06, -7.53e-07, -0.001393418
0.000336049, -4.678e-06, -7.29e-07, -0.000557402
-3.149e-06, -4.567e-06, -7.72e-07, -0.000129214
-8.9404e-05, -4.28e-06, -9.52e-07, 9.2907e-05
0.000113312, -4.493e-06, -1.095e-06, 3.5815e-05
-3.56e-06, -4.586e-06, -9.45e-07, 0.000228638
-0.000668911, -4.546e-06, -9.31e-07, 0.000851743
-0.001527416, -4.522e-06, -9.93e-07, 0.001603466
-0.002134334, -4.398e-06, -1.078e-06, 0.002118199
-0.002136412, -4.503e-06, -9.55e-07, 0.002082528
-0.001382238, -4.401e-06, -6.53e-07, 0.001377219
-0.000200332, -4.277e-06, -6.13e-07, 0.000220828
0.00080346, -4.394e-06, -7.01e-07, -0.000828204
0.001276297, -4.462e-06, -6.86e-07, -0.001417272
0.001635093, -4.612e-06, -8e-07, -0.001834031
0.001949113, -4.662e-06, -8.45e-07, -0.002098592
0.002149635, -4.291e-06, -8.19e-07, -0.002178803
0.001966226, -4.239e-06, -7.34e-07, -0.001907331
0.001347902, -4.301e-06, -8.29e-07, -0.001232093
0.000309805, -4.522e-06, -7.5e-07, -0.000201327
-0.001059794, -4.626e-06, -7.55e-07, 0.001080916
-0.00177317, -4.586e-06, -9e-07, 0.001747576
-0.00184824, -4.327e-06, -8.29e-07, 0.001852804
-0.001479384, -4.194e-06, -8.86e-07, 0.001563699
-0.001043365, -4.291e-06, -8.48e-07, 0.001172752
-0.000584012, -4.391e-06, -7.91e-07, 0.000700466
-0.000427444, -4.434e-06, -8.76e-07, 0.000415653
-0.000251687, -4.391e-06, -8.88e-07, 0.000110111
0.000164648, -4.453e-06, -8.38e-07, -0.000374838
0.000839565, -4.344e-06, -8e-07, -0.000993697
0.001529359, -4.296e-06, -9.69e-07, -0.001554212
0.001912563, -4.325e-06, -9.67e-07, -0.001831015
0.001657191, -4.5e-06, -8.15e-07, -0.00155172
0.000593835, -4.489e-06, -8.86e-07, -0.000564875
-0.000487813, -4.23e-06, -1.016e-06, 0.000449321
-0.001217236, -4.261e-06, -8.95e-07, 0.001174353
-0.001470022, -4.227e-06, -7.53e-07, 0.001472625
-0.001205006, -4.327e-06, -7.39e-07, 0.00129622
-0.000575282, -4.375e-06, -8.95e-07, 0.000750298
-0.000177503, -4.567e-06, -9.64e-07, 0.000329829
-0.000294624, -4.636e-06, -9.95e-07, 0.000311745
-0.00026011, -4.543e-06, -9.88e-07, 0.000180977
6.278e-05, -4.42e-06, -8.64e-07, -0.000165256
0.000389272, -4.339e-06, -8.67e-07, -0.000474939
0.000815237, -4.498e-06, -1e-06, -0.000899535
0.001085091, -4.5e-06, -1.045e-06, -0.001139357
0.000677197, -4.51e-06, -9.9e-07, -0.000761826
-0.000198684, -4.726e-06, -9.93e-07, 6.0519e-05
-0.000948648, -4.778e-06, -9.02e-07, 0.000802462
-0.00113631, -4.353e-06, -7.86e-07, 0.001091817
-0.000714195, -4.443e-06, -7.96e-07, 0.00083259
1.01e-05, -4.579e-06, -9.67e-07, 0.000225907
0.000640869, -4.591e-06, -9e-07, -0.000370281
0.000620946, -4.465e-06, -9.43e-07, -0.000403239
0.000356504, -4.669e-06, -1.062e-06, -0.000248625
1.3751e-05, -4.448e-06, -9.81e-07, -3.1382e-05
-0.000198323, -4.175e-06, -8.86e-07, 7.7848e-05
-0.000111928, -4.261e-06, -8.45e-07, -1.9065e-05
0.000405856, -4.379e-06, -9.4e-07, -0.00047264
0.000588888, -4.515e-06, -9.74e-07, -0.000666748
0.000406298, -4.598e-06, -8.88e-07, -0.000569758
0.000402712, -4.595e-06, -8.48e-07, -0.000570148
0.000458068, -4.607e-06, -9.69e-07, -0.000537132
0.000293019, -4.562e-06, -8.69e-07, -0.00026956
0.00020118, -4.484e-06, -8.64e-07, -7.6962e-05
8.6165e-05, -4.664e-06, -8.81e-07, 0.000130962
-0.00076394, -4.484e-06, -8.55e-07, 0.000921128
-0.001922789, -4.458e-06, -8.41e-07, 0.001923561
-0.002435634, -4.747e-06, -8.45e-07, 0.002335245
-0.001974175, -4.69e-06, -7.41e-07, 0.001908151
-0.000618507, -4.569e-06, -8.57e-07, 0.000635977
0.000747308, -4.603e-06, -8.53e-07, -0.000692805
0.00178541, -4.486e-06, -7.53e-07, -0.001728556
0.001906037, -4.565e-06, -8.15e-07, -0.001907191
0.001273742, -4.603e-06, -1.05e-06, -0.0013951
0.000528279, -4.586e-06, -8.95e-07, -0.000718233
0.000134983, -4.41e-06, -6.77e-07, -0.000307007
0.000280396, -4.351e-06, -8.03e-07, -0.000322353
0.000525887, -4.517e-06, -7.79e-07, -0.000433274
0.000337429, -4.548e-06, -8.86e-07, -0.000202171
-0.000200114, -4.439e-06, -9.31e-07, 0.000317045
-0.000831543, -4.5e-06, -1.033e-06, 0.000898003
-0.001083999, -4.403e-06, -8.74e-07, 0.001141076
-0.001098504, -4.448e-06, -7.17e-07, 0.001170147
-0.000607913, -4.472e-06, -7.17e-07, 0.000716366
8.0292e-05, -4.422e-06, -8.17e-07, 4.4484e-05
0.000124529, -4.439e-06, -9.74e-07, -0.000117535
-0.000158219, -4.505e-06, -7.74e-07, -2.7888e-05
-0.00010467, -4.505e-06, -8.67e-07, -0.000154136
0.000323911, -4.565e-06, -9.62e-07, -0.000553158
0.000847222, -4.417e-06, -9.26e-07, -0.000981309
0.001146586, -4.367e-06, -8.43e-07, -0.001153093
0.000911486, -4.415e-06, -7.43e-07, -0.000825297
5.9469e-05, -4.434e-06, -8.07e-07, -1.0286e-05
-0.00069204, -4.51e-06, -9.74e-07, 0.000670303
-0.000674478, -4.474e-06, -9.67e-07, 0.000675882
-0.000238482, -4.541e-06, -7.81e-07, 0.000379519
7.9625e-05, -4.453e-06, -8.12e-07, 0.000167079
0.000150835, -4.624e-06, -9.33e-07, 0.00010529
-0.000126635, -4.769e-06, -1.069e-06, 0.000268049
-0.000671593, -4.55e-06, -9.36e-07, 0.000646039
-0.000955988, -4.496e-06, -8.74e-07, 0.000735607
-0.000511051, -4.515e-06, -8.17e-07, 0.000225575
0.000272365, -4.65e-06, -7.15e-07, -0.00046718
0.000913044, -4.503e-06, -7.27e-07, -0.000990657
0.001240063, -4.436e-06, -8.45e-07, -0.001248031
0.000958192, -4.441e-06, -8.53e-07, -0.000954694
0.000293988, -4.351e-06, -8.38e-07, -0.00030401
-0.000260645, -4.227e-06, -8.1e-07, 0.000256847
-0.000451803, -4.258e-06, -6.01e-07, 0.000462844
-0.000416603, -4.289e-06, -7.12e-07, 0.00050836
-0.000292442, -4.462e-06, -9.48e-07, 0.000523396
-0.000264744, -4.555e-06, -1.019e-06, 0.00053337
-0.000473345, -4.534e-06, -9.33e-07, 0.000619163
-0.000600254, -4.553e-06, -9.74e-07, 0.000590362
-0.000644277, -4.695e-06, -9.52e-07, 0.000520133
-0.000314193, -4.515e-06, -7.5e-07, 0.000121572
0.000429755, -4.258e-06, -6.79e-07, -0.000565899
0.001115739, -4.41e-06, -8.29e-07, -0.001125872
0.001153777, -4.576e-06, -8.93e-07, -0.00115012
0.000613114, -4.595e-06, -7.6e-07, -0.000690041
-0.000162536, -4.622e-06, -8.53e-07, -1.8989e-05
-0.00055842, -4.522e-06, -9.26e-07, 0.000389453
-0.000531582, -4.636e-06, -9.14e-07, 0.000472303
0.000130996, -4.631e-06, -6.82e-07, -1.119e-06
0.000720477, -4.629e-06, -8.72e-07, -0.00039592
0.000432393, -4.584e-06, -8.93e-07, -9.1007e-05
-0.000546128, -4.626e-06, -1.019e-06, 0.000670479
-0.001252446, -4.612e-06, -1.035e-06, 0.001178922
-0.001160871, -4.474e-06, -9.55e-07, 0.001014638
-0.000657191, -4.557e-06, -7.88e-07, 0.000531418
0.000386791, -4.484e-06, -5.22e-07, -0.000426605
0.001034245, -4.588e-06, -6.84e-07, -0.001010238
0.000820578, -4.462e-06, -7.53e-07, -0.000848646
-8.5113e-05, -4.51e-06, -9.17e-07, -7.9546e-05
-0.000745893, -4.6e-06, -9.17e-07, 0.000504133
-0.000745128, -4.489e-06, -7.39e-07, 0.00057826
1.078e-05, -4.353e-06, -7.05e-07, 4.7113e-05
0.000920501, -4.527e-06, -8.34e-07, -0.000656374
0.001287675, -4.657e-06, -9.4e-07, -0.000955699
0.00065162, -4.586e-06, -1.014e-06, -0.000406737
-0.000261671, -4.329e-06, -1.031e-06, 0.000328181
-0.000865957, -4.436e-06, -8.67e-07, 0.000753915
-0.000606851, -4.522e-06, -7.41e-07, 0.000463984
9.8082e-05, -4.372e-06, -8.88e-07, -0.000162123
0.000807754, -4.439e-06, -1.026e-06, -0.000783102
0.000962343, -4.465e-06, -1.014e-06, -0.000944907
0.000291432, -4.429e-06, -9.67e-07, -0.000432514
-0.000294403, -4.451e-06, -8.76e-07, 2.5767e-05
-0.000391277, -4.358e-06, -8.36e-07, 0.000130461
-0.000161114, -4.417e-06, -8.91e-07, 3.868e-05
0.000224081, -4.645e-06, -8.98e-07, -0.000105615
0.000159862, -4.705e-06, -7.98e-07, 9.8082e-05
-0.000525433, -4.534e-06, -8.48e-07, 0.000757879
-0.001655277, -4.553e-06, -1.09e-06, 0.001754888
-0.002264588, -4.6e-06, -9.33e-07, 0.002225512
-0.001725022, -4.46e-06, -8.72e-07, 0.001644925
-0.00011672, -4.382e-06, -9.4e-07, 0.000152871
0.001635577, -4.386e-06, -9.52e-07, -0.001431381
0.002445827, -4.436e-06, -9.26e-07, -0.002220758
0.002167449, -4.553e-06, -8.91e-07, -0.0021168
0.001369235, -4.472e-06, -8.53e-07, -0.001540915
0.000484522, -4.491e-06, -8.31e-07, -0.000829954
2.525e-05, -4.5e-06, -7.41e-07, -0.000362634
3.634e-05, -4.462e-06, -7.1e-07, -0.000206873
3.1011e-05, -4.337e-06, -7.86e-07, -1.19e-07
-0.000314267, -4.486e-06, -9.1e-07, 0.000489247
-0.001492978, -4.619e-06, -9.52e-07, 0.00162883
-0.00258778, -4.512e-06, -1.005e-06, 0.002610182
-0.002935136, -4.327e-06, -8.53e-07, 0.002906535
-0.002265617, -4.386e-06, -6.96e-07, 0.002309423
-0.000877644, -4.498e-06, -7.2e-07, 0.001059393
0.00050044, -4.517e-06, -8.5e-07, -0.000249832
0.001472965, -4.493e-06, -8.79e-07, -0.001306921
0.001843402, -4.603e-06, -8.67e-07, -0.001810969
0.001744612, -4.557e-06, -8.95e-07, -0.001922787
0.001666735, -4.413e-06, -7.2e-07, -0.001998586
0.002041151, -4.429e-06, -7.17e-07, -0.002316892
0.00263708, -4.408e-06, -7.96e-07, -0.002689144
0.00272481, -4.522e-06, -9.17e-07, -0.002604753
0.002045737, -4.686e-06, -8.03e-07, -0.001922462
0.000531952, -4.569e-06, -8.03e-07, -0.000441524
-0.001407881, -4.389e-06, -9.02e-07, 0.001424985
-0.003114752, -4.591e-06, -7.96e-07, 0.003041005
-0.003747138, -4.643e-06, -7.22e-07, 0.003720779
-0.003542046, -4.375e-06, -9.1e-07, 0.003666371
-0.002972623, -4.258e-06, -8.72e-07, 0.00316443
-0.002348355, -4.382e-06, -1e-06, 0.002450104
-0.001656566, -4.517e-06, -1.014e-06, 0.001603637
-0.000825085, -4.263e-06, -9.21e-07, 0.000610948
0.000540576, -4.386e-06, -9.43e-07, -0.000817939
0.002410869, -4.505e-06, -9.19e-07, -0.002573429
0.004011863, -4.629e-06, -9.05e-07, -0.00394293
0.004557212, -4.503e-06, -1.009e-06, -0.004386228
0.003572039, -4.505e-06, -9.9e-07, -0.003471693
0.00168975, -4.543e-06, -7.48e-07, -0.001727295
-0.000219645, -4.579e-06, -7.53e-07, 6.4376e-05
-0.001123961, -4.363e-06, -7.55e-07, 0.001003068
-0.001106664, -4.429e-06, -8.43e-07, 0.001174275
-0.000824641, -4.557e-06, -1.038e-06, 0.001098374
-0.001203158, -4.586e-06, -9.26e-07, 0.001495828
-0.001940157, -4.572e-06, -8.07e-07, 0.002134949
-0.002789404, -4.541e-06, -8.53e-07, 0.00279366
-0.002816834, -4.377e-06, -8.88e-07, 0.002618945
-0.001646003, -4.572e-06, -7.53e-07, 0.001397897
0.000147411, -4.453e-06, -8.05e-07, -0.000273362
0.001698445, -4.446e-06, -8.5e-07, -0.001698148
0.002469005, -4.531e-06, -9.74e-07, -0.002451381
0.002222213, -4.674e-06, -8.95e-07, -0.002291519
0.001272081, -4.733e-06, -9.74e-07, -0.001418255
0.000586871, -4.581e-06, -8.5e-07, -0.000752512
0.000403852, -4.541e-06, -9.05e-07, -0.000489573
0.000815353, -4.517e-06, -8.88e-07, -0.000660994
0.000592737, -4.489e-06, -8e-07, -0.000308363
-6.5796e-05, -4.643e-06, -9.07e-07, 0.00034362
-0.001045516, -4.688e-06, -9.26e-07, 0.001199759
-0.002049612, -4.581e-06, -8.5e-07, 0.002020394
-0.002311993, -4.42e-06, -8.03e-07, 0.002159294
-0.001518524, -4.565e-06, -8.67e-07, 0.001385608
-0.000222526, -4.543e-06, -8.83e-07, 0.000207922
0.000755877, -4.427e-06, -9.24e-07, -0.000697215
0.001103886, -4.448e-06, -8.79e-07, -0.001094484
0.000916271, -4.386e-06, -7.1e-07, -0.001014365
0.000227368, -4.344e-06, -7.03e-07, -0.000449354
-0.000148812, -4.46e-06, -7.74e-07, -0.000107793
0.000146423, -4.432e-06, -7.81e-07, -0.000244937
0.000561964, -4.569e-06, -8.05e-07, -0.000462563
0.000679002, -4.512e-06, -8.24e-07, -0.000465841
0.000618574, -4.427e-06, -7.91e-07, -0.000413111
0.000177249, -4.413e-06, -7.6e-07, -6.7667e-05
-0.000422048, -4.574e-06, -8.57e-07, 0.000452268
-0.000602985, -4.55e-06, -8.38e-07, 0.000588683
-0.000183407, -4.612e-06, -7.6e-07, 0.000225098
0.000125906, -4.56e-06, -8.12e-07, -5.3523e-05
0.000144516, -4.484e-06, -1.085e-06, -0.000100464
-5.7648e-05, -4.515e-06, -9.97e-07, 1.6607e-05
-0.000463328, -4.553e-06, -9.02e-07, 0.000322719
-0.000722705, -4.553e-06, -7.98e-07, 0.000491356
-0.000422195, -4.472e-06, -7.69e-07, 0.000209412
0.000332962, -4.462e-06, -6.98e-07, -0.000388999
0.000625306, -4.517e-06, -9.02e-07, -0.000541749
0.000737882, -4.629e-06, -9.5e-07, -0.000557
0.000242266, -4.676e-06, -7.74e-07, -8.265e-05
-0.000743499, -4.508e-06, -6.55e-07, 0.000783736
-0.001449701, -4.396e-06, -5.49e-07, 0.001387059
-0.001107949, -4.517e-06, -7.05e-07, 0.001075072
-4.5436e-05, -4.517e-06, -8.67e-07, 0.000103777
0.000897911, -4.624e-06, -8.12e-07, -0.00075222
0.001311965, -4.56e-06, -8.91e-07, -0.001179338
0.000825724, -4.479e-06, -6.91e-07, -0.000794901
-8.5804e-05, -4.353e-06, -7.39e-07, -4.0304e-05
-0.000720743, -4.356e-06, -8.53e-07, 0.000460317
-0.000518639, -4.396e-06, -7.69e-07, 0.000318513
-0.000194839, -4.51e-06, -7.81e-07, 0.000126063
0.000265717, -4.567e-06, -8.69e-07, -0.000198437
0.000399093, -4.562e-06, -9.29e-07, -0.000285676
0.0001042, -4.484e-06, -7.81e-07, -3.1344e-05
-0.000506867, -4.446e-06, -8.67e-07, 0.000481532
-0.000539519, -4.531e-06, -1.04e-06, 0.000499987
3.7001e-05, -4.584e-06, -1.014e-06, 8.808e-06
0.000887288, -4.65e-06, -9.62e-07, -0.000689903
0.001470504, -4.443e-06, -8.98e-07, -0.00120806
0.001284286, -4.403e-06, -8.81e-07, -0.001143342
0.000488236, -4.574e-06, -7.53e-07, -0.000568533
-0.000451979, -4.493e-06, -6.6e-07, 0.000214812
-0.00100531, -4.329e-06, -7.74e-07, 0.000742587
-0.000879377, -4.553e-06, -1.005e-06, 0.000675668
-0.000222979, -4.56e-06, -1.052e-06, 0.000186228
0.000134776, -4.427e-06, -9.97e-07, -6.1656e-05
-0.000100645, -4.486e-06, -8.38e-07, 0.000168374
-0.000531181, -4.329e-06, -6.67e-07, 0.000525745
-0.000787211, -4.249e-06, -8.12e-07, 0.000746263
-0.000541084, -4.543e-06, -8.57e-07, 0.000563491
-1.643e-06, -4.427e-06, -9.43e-07, 0.00012869
0.00047382, -4.401e-06, -9.26e-07, -0.00027828
0.00047463, -4.372e-06, -7.55e-07, -0.000305287
0.000151726, -4.37e-06, -7.31e-07, -0.000103264
-0.000166213, -4.486e-06, -7.93e-07, 3.5761e-05
5.06e-07, -4.522e-06, -8.12e-07, -0.000182029
0.000478392, -4.55e-06, -8.12e-07, -0.000629486
0.000989942, -4.467e-06, -8.79e-07, -0.001045414
0.001352504, -4.591e-06, -8.86e-07, -0.001323417
0.000878705, -4.515e-06, -8.29e-07, -0.00083027
-0.000229413, -4.434e-06, -7.39e-07, 0.000175389
-0.001221577, -4.436e-06, -9.07e-07, 0.001084338
-0.001381361, -4.382e-06, -9.24e-07, 0.001300651
-0.001244272, -4.446e-06, -8.17e-07, 0.00124089
-0.000583898, -4.55e-06, -7.88e-07, 0.000723339
-6.1998e-05, -4.541e-06, -8.22e-07, 0.000289594
-3.8186e-05, -4.413e-06, -7.93e-07, 0.000258267
-0.000468014, -4.47e-06, -7.77e-07, 0.000536491
-0.000524956, -4.633e-06, -9.05e-07, 0.000440914
-0.000262143, -4.595e-06, -1.035e-06, 0.000100429
0.00020298, -4.546e-06, -9.1e-07, -0.000331941
0.00087506, -4.536e-06, -8.29e-07, -0.000969233
0.001375232, -4.386e-06, -8.86e-07, -0.001409444
0.001295866, -4.294e-06, -8.95e-07, -0.001306731
0.000641845, -4.446e-06, -9.26e-07, -0.000720019
0.000306005, -4.42e-06, -8.88e-07, -0.0004128
5.7937e-05, -4.569e-06, -9.97e-07, -9.1893e-05
-5.3762e-05, -4.645e-06, -9.95e-07, 0.000136973
-3.6735e-05, -4.574e-06, -1.045e-06, 0.000237817
-0.000324688, -4.517e-06, -9.17e-07, 0.00056541
-0.001374545, -4.519e-06, -9.33e-07, 0.001511193
-0.001844357, -4.541e-06, -7.96e-07, 0.001864427
-0.001473145, -4.503e-06, -7.79e-07, 0.001410437
-0.000717364, -4.536e-06, -7.29e-07, 0.000620858
0.000316789, -4.434e-06, -8.55e-07, -0.000386024
0.00119525, -4.55e-06, -1.019e-06, -0.00122058
0.00152293, -4.636e-06, -9.05e-07, -0.001547593
0.00125593, -4.574e-06, -7.72e-07, -0.001358109
0.001111246, -4.633e-06, -7.03e-07, -0.001246563
0.000942884, -4.662e-06, -7.17e-07, -0.00104868
0.000606911, -4.776e-06, -7.98e-07, -0.000645459
0.000180084, -4.576e-06, -7.6e-07, -0.000142029
-0.000389384, -4.614e-06, -9.17e-07, 0.000518048
-0.001156477, -4.489e-06, -9.9e-07, 0.001320819
-0.001757334, -4.36e-06, -9.29e-07, 0.001876116
-0.001664057, -4.434e-06, -9.93e-07, 0.001729527
-0.001212567, -4.576e-06, -1.009e-06, 0.001250145
-0.00056374, -4.517e-06, -9.69e-07, 0.00058974
0.000188992, -4.572e-06, -9.05e-07, -0.000178522
0.001028436, -4.37e-06, -7.72e-07, -0.000989372
0.00125541, -4.389e-06, -8.31e-07, -0.001285039
0.001240059, -4.479e-06, -9.93e-07, -0.001388049
0.001191409, -4.481e-06, -9.71e-07, -0.001385161
0.000805041, -4.432e-06, -9.4e-07, -0.000996542
0.000470265, -4.598e-06, -1.076e-06, -0.00062552
0.000367984, -4.629e-06, -9.33e-07, -0.000414031
-0.000117597, -4.562e-06, -8.76e-07, 0.000173411
-0.001084733, -4.379e-06, -9.69e-07, 0.001193713
-0.001579578, -4.391e-06, -1.045e-06, 0.00173797
-0.001616835, -4.401e-06, -1e-06, 0.001791613
-0.001420212, -4.42e-06, -9.48e-07, 0.001604293
-0.000826325, -4.427e-06, -9.24e-07, 0.000964502
1.8633e-05, -4.329e-06, -9.07e-07, 7.8881e-05
0.000418536, -4.185e-06, -8.12e-07, -0.000375137
0.000563101, -4.158e-06, -8.15e-07, -0.000620321
0.000972247, -4.458e-06, -6.91e-07, -0.00114693
0.001182888, -4.477e-06, -7.67e-07, -0.001413565
0.001132441, -4.384e-06, -9.43e-07, -0.001384634
0.001151507, -4.448e-06, -9.59e-07, -0.001356689
0.001354041, -4.458e-06, -8.24e-07, -0.001423078
0.000857044, -4.334e-06, -8.17e-07, -0.000789239
0.000249483, -4.382e-06, -8.72e-07, -0.000126032
-8.8044e-05, -4.427e-06, -8.98e-07, 0.00024872
-0.000796592, -4.595e-06, -8.81e-07, 0.000973959
-0.001889843, -4.873e-06, -9.93e-07, 0.002021454
-0.002296298, -4.688e-06, -8.29e-07, 0.002380983
-0.002091966, -4.519e-06, -8.17e-07, 0.002139656
-0.001837724, -4.446e-06, -8.83e-07, 0.001806782
-0.001167746, -4.308e-06, -7.91e-07, 0.001052636
0.000176512, -4.299e-06, -7.88e-07, -0.00030803
0.001325139, -4.462e-06, -9.5e-07, -0.001431561
0.001872656, -4.617e-06, -1.009e-06, -0.002005435
0.00243323, -4.695e-06, -8.22e-07, -0.002529159
0.002181829, -4.522e-06, -7.24e-07, -0.00220752
0.001277047, -4.496e-06, -6.1e-07, -0.001243151
0.000475471, -4.603e-06, -6.22e-07, -0.000426672
2.9482e-05, -4.56e-06, -6.67e-07, 5.1753e-05
-0.000630023, -4.598e-06, -7.86e-07, 0.000740488
-0.001335289, -4.664e-06, -9.69e-07, 0.001434874
-0.001521032, -4.541e-06, -8.57e-07, 0.001584845
-0.00171083, -4.548e-06, -7.77e-07, 0.001809655
-0.001709094, -4.536e-06, -8.07e-07, 0.001792608
-0.001039038, -4.341e-06, -7.91e-07, 0.00102485
0.000144739, -4.379e-06, -8.07e-07, -0.000205985
0.000795972, -4.529e-06, -8.98e-07, -0.00087287
0.001202298, -4.574e-06, -1.054e-06, -0.001345028
0.001631312, -4.413e-06, -1.109e-06, -0.001808256
0.001416619, -4.474e-06, -8.69e-07, -0.001549849
0.000639658, -4.429e-06, -9.07e-07, -0.000733047
0.000184347, -4.41e-06, -1.088e-06, -0.00025499
-0.000155507, -4.591e-06, -9.88e-07, 0.00013973
-0.000711495, -4.683e-06, -7.55e-07, 0.000784713
-0.000872892, -4.745e-06, -7.22e-07, 0.000995549
-0.000782862, -4.705e-06, -8.41e-07, 0.000916791
-0.000705898, -4.37e-06, -8.67e-07, 0.000889069
-0.000606592, -4.512e-06, -9.24e-07, 0.000800363
-0.000237262, -4.612e-06, -8.15e-07, 0.000348042
4.7592e-05, -4.51e-06, -7.88e-07, -2.6135e-05
4.5576e-05, -4.543e-06, -1.014e-06, -9.7933e-05
0.00044127, -4.595e-06, -9.33e-07, -0.000565056
0.00107345, -4.486e-06, -8.31e-07, -0.001237681
0.00130841, -4.617e-06, -9.07e-07, -0.001445279
0.001281878, -4.517e-06, -9e-07, -0.001375562
0.001081199, -4.417e-06, -9.19e-07, -0.001156128
0.000549842, -4.474e-06, -8.1e-07, -0.00060654
-7.3388e-05, -4.541e-06, -6.93e-07, 8.8075e-05
-0.00058657, -4.479e-06, -7.15e-07, 0.000638021
-0.001011054, -4.424e-06, -7.22e-07, 0.001094831
-0.001354896, -4.517e-06, -7.31e-07, 0.001483172
-0.001311184, -4.439e-06, -8.31e-07, 0.001448601
-0.000966017, -4.417e-06, -8.57e-07, 0.001079805
-0.000667242, -4.405e-06, -8.95e-07, 0.000767613
-0.000373966, -4.42e-06, -9.74e-07, 0.00040636
5.571e-06, -4.41e-06, -9.69e-07, -7.131e-05
0.000132069, -4.446e-06, -6.63e-07, -0.000278675
-5.2057e-05, -4.261e-06, -6.17e-07, -0.000118395
0.000264183, -4.484e-06, -8.48e-07, -0.000427111
0.000826403, -4.534e-06, -1.019e-06, -0.000948401
0.00120819, -4.467e-06, -1.088e-06, -0.001251729
0.001195029, -4.61e-06, -1.014e-06, -0.001192894
0.001035872, -4.477e-06, -6.06e-07, -0.001001579
0.000512398, -4.365e-06, -6.58e-07, -0.000429997
-0.000263877, -4.322e-06, -8.76e-07, 0.000373197
-0.000693418, -4.403e-06, -8.48e-07, 0.000803685
-0.000871861, -4.401e-06, -9.45e-07, 0.001002676
-0.001060449, -4.443e-06, -8.88e-07, 0.001174614
