0.00102547, -2.28e-07, -9.59e-07, -0.001073051
0.001349464, -4.56e-07, -1.078e-06, -0.001309182
0.00113531, 1.9e-08, -9.26e-07, -0.001041348
0.000823221, 1.14e-07, -9.31e-07, -0.000724008
0.000918957, -2.09e-07, -8.74e-07, -0.00078969
0.000700903, -1.52e-07, -8.17e-07, -0.000565942
0.000313766, -2.66e-07, -8.74e-07, -0.000210509
4.9393e-05, -3.23e-07, -9.17e-07, -1.6482e-05
-0.000381283, -2.66e-07, -9.36e-07, 0.000331698
-0.000911079, -3.42e-07, -1.13e-06, 0.000785221
-0.001163737, -2.85e-07, -1.168e-06, 0.000987952
-0.001025807, -1.9e-07, -9.78e-07, 0.00084479
-0.000650178, -2.85e-07, -7.84e-07, 0.000517466
-0.000190201, -3.04e-07, -7.88e-07, 0.000104917
0.000349619, -2.47e-07, -9.31e-07, -0.000354894
0.000380003, -3.04e-07, -9.36e-07, -0.000330687
9.7016e-05, -4.75e-07, -1.045e-06, -1.1321e-05
-0.000154599, -3.99e-07, -9.78e-07, 0.000286649
-0.000535401, -4.37e-07, -8.6e-07, 0.000692508
-0.000738483, -2.85e-07, -8.5e-07, 0.000874224
-0.000681491, -4.75e-07, -7.74e-07, 0.000751768
-0.000208101, -4.94e-07, -7.6e-07, 0.000223062
0.000418317, -1.33e-07, -8.12e-07, -0.000409174
0.001180062, -2.85e-07, -9.4e-07, -0.001188137
0.001864441, -2.66e-07, -9.21e-07, -0.001883666
0.002210579, 1.9e-08, -7.74e-07, -0.002235798
0.002036427, -7.6e-08, -9.31e-07, -0.0020805
0.001338205, -3.99e-07, -1.016e-06, -0.00144886
0.000294814, -4.75e-07, -9.17e-07, -0.000444101
-0.000781993, -3.99e-07, -1.002e-06, 0.000656823
-0.001656455, -2.85e-07, -9.97e-07, 0.001571864
-0.001867982, -2.47e-07, -8.31e-07, 0.001835119
-0.00164236, -3.8e-08, -8.12e-07, 0.001677643
-0.00117532, -2.47e-07, -8.45e-07, 0.001285036
-0.001073003, -2.66e-07, -8.83e-07, 0.001194784
-0.001198726, 0.0, -1.012e-06, 0.001245557
-0.001148531, -3.8e-08, -1.026e-06, 0.001161472
-0.00075633, -1.14e-07, -1.04e-06, 0.000778714
-6.852e-06, 3.23e-07, -9.07e-07, 1.6384e-05
0.001327095, 1.52e-07, -9.31e-07, -0.001317425
0.002461719, -2.66e-07, -9.69e-07, -0.002449187
0.002467096, -2.66e-07, -1.012e-06, -0.00250032
0.001516515, -9.5e-08, -9.78e-07, -0.001638408
0.000560111, -9.5e-08, -8.88e-07, -0.000700253
-0.000367355, -2.09e-07, -8.07e-07, 0.000266881
-0.000928834, -2.66e-07, -7.22e-07, 0.000898068
-0.001048392, -7.6e-08, -8.17e-07, 0.001107648
-0.001079769, 3.8e-08, -8.88e-07, 0.00123808
-0.001034423, -4.75e-07, -8.5e-07, 0.00122438
-0.000684429, -4.75e-07, -8.88e-07, 0.000846571
-8.973e-05, -2.66e-07, -1.054e-06, 0.000233296
9.4033e-05, -1.9e-07, -8.88e-07, 3.81e-05
9.2454e-05, -7.6e-08, -8.36e-07, -2.5981e-05
0.000347548, -9.5e-08, -7.46e-07, -0.000354006
0.00030225, -1.33e-07, -7.08e-07, -0.000415113
-0.000160945, -7.6e-08, -8.03e-07, -0.000122714
-7.8114e-05, -1.9e-07, -9.26e-07, -0.00028886
0.000506879, -3.23e-07, -9.88e-07, -0.000801992
0.001009715, -3.61e-07, -7.65e-07, -0.001117762
0.001401438, -3.61e-07, -7.55e-07, -0.00137138
0.001717916, -3.61e-07, -8.41e-07, -0.001558178
0.001231105, -2.28e-07, -8.03e-07, -0.000985297
0.000131159, -9.5e-08, -9.93e-07, 6.1127e-05
-0.000528829, -3.42e-07, -9.36e-07, 0.000633236
-0.000815721, -2.85e-07, -1.002e-06, 0.000918779
-0.001283635, -3.61e-07, -9.4e-07, 0.001403348
-0.001422095, -3.8e-08, -8.88e-07, 0.00149223
-0.00113042, -1.52e-07, -1.183e-06, 0.001101506
-0.001150094, -1.9e-08, -1.192e-06, 0.001015776
-0.000939834, -1.71e-07, -1.031e-06, 0.00073917
-0.000170943, -3.23e-07, -9.74e-07, -5.4294e-05
0.00078823, -7.6e-08, -8.88e-07, -0.00089973
0.001320914, -3.04e-07, -7.46e-07, -0.001281006
0.001420407, -1.52e-07, -8.83e-07, -0.001323616
0.001040071, 3.8e-08, -9.83e-07, -0.000944648
-0.000167808, -3.42e-07, -1.045e-06, 0.000208433
-0.001091646, -1.71e-07, -1.012e-06, 0.001078024
-0.001287466, 0.0, -1.04e-06, 0.001305346
-0.001242586, -9.5e-08, -9.74e-07, 0.001330399
-0.00084805, -7.6e-08, -7.55e-07, 0.000977528
-2.5834e-05, -1.52e-07, -8.5e-07, 0.000136992
0.000556993, -1.71e-07, -9.45e-07, -0.000489309
0.000693059, -3.61e-07, -9.97e-07, -0.000720026
0.000973045, -3.04e-07, -9.5e-07, -0.001097509
0.001451657, -2.47e-07, -1.045e-06, -0.001603535
0.001559137, -3.23e-07, -1.092e-06, -0.001689907
0.001586047, -4.56e-07, -9.26e-07, -0.00171196
0.001601654, -2.66e-07, -7.84e-07, -0.001713618
0.000969644, -9.5e-08, -9.02e-07, -0.001061183
7.72e-07, -3.8e-08, -9.69e-07, -3.8661e-05
-0.001052767, -1.52e-07, -1.054e-06, 0.0010379
-0.002084074, -3.8e-07, -8.45e-07, 0.002109357
-0.002773262, -5.13e-07, -6.7e-07, 0.002884803
-0.002775563, -5.13e-07, -9.4e-07, 0.00290326
-0.002076282, -4.94e-07, -1.111e-06, 0.002179145
-0.001541494, -3.8e-07, -9.45e-07, 0.001636356
-0.000725847, -1.52e-07, -9.07e-07, 0.000800415
0.000267784, -4.18e-07, -1.059e-06, -0.000236984
0.000796656, -2.66e-07, -9.83e-07, -0.000838207
0.000907277, -7.6e-08, -9.31e-07, -0.001005697
0.001301884, -4.94e-07, -9.4e-07, -0.001407162
0.001600913, -3.99e-07, -8.07e-07, -0.001725314
0.001777162, -9.5e-08, -8.69e-07, -0.001879061
0.002034995, -2.85e-07, -8.41e-07, -0.002068053
0.001997767, -1.33e-07, -9.26e-07, -0.001920932
0.000923265, 1.9e-08, -8.83e-07, -0.000787282
-0.000289984, 1.33e-07, -9.21e-07, 0.000422107
-0.001092389, -5.7e-08, -9.64e-07, 0.001222767
-0.001938278, -4.37e-07, -1.002e-06, 0.002052054
-0.002198968, 5.7e-08, -9.78e-07, 0.00226925
-0.001592689, -1.14e-07, -1.083e-06, 0.00161047
-0.000892897, -3.8e-07, -1.016e-06, 0.000861799
-0.000541369, -1.9e-07, -8.74e-07, 0.000461471
-2.5352e-05, -1.14e-07, -9.02e-07, -0.000140398
0.000661324, -2.47e-07, -9.5e-07, -0.000867251
0.000973014, -1.9e-07, -1.054e-06, -0.001150728
0.001428004, -3.61e-07, -1.088e-06, -0.001560809
0.002237332, -2.09e-07, -1.064e-06, -0.002282167
0.002201998, -1.71e-07, -1.04e-06, -0.002149424
0.001404901, -1.33e-07, -9.59e-07, -0.00131453
0.000786541, 1.52e-07, -9.07e-07, -0.000677924
7.8079e-05, -7.6e-08, -9.21e-07, 7.2702e-05
-0.001208069, -7.6e-08, -9.55e-07, 0.001364189
-0.002015196, -5.7e-08, -1.107e-06, 0.002140356
-0.001931731, -1.33e-07, -1.05e-06, 0.002084601
-0.00189739, -2.09e-07, -7.41e-07, 0.002050562
-0.001747935, 0.0, -8.12e-07, 0.001789267
-0.000966647, -9.5e-08, -8.79e-07, 0.000904565
-0.000530319, -3.99e-07, -9.64e-07, 0.000411682
-0.000378552, -6.46e-07, -1.021e-06, 0.000237694
0.00027074, -4.37e-07, -1.092e-06, -0.000420901
0.001015524, -7.6e-08, -1.083e-06, -0.001155345
0.000945793, 2.47e-07, -9.5e-07, -0.001056317
0.000715768, 5.7e-08, -9.26e-07, -0.000818398
0.000837169, -3.61e-07, -8.83e-07, -0.000903734
0.000600247, -3.42e-07, -8.07e-07, -0.000574304
0.000251342, 3.8e-08, -9.4e-07, -0.000162448
0.000326892, -3.61e-07, -9.45e-07, -0.000195409
0.000246714, -1.33e-07, -7.55e-07, -8.1738e-05
-0.000569103, -1.9e-08, -8.26e-07, 0.000690368
-0.001020552, -4.75e-07, -9.55e-07, 0.001021416
-0.000710818, -5.32e-07, -9.07e-07, 0.000617512
-0.000474001, -6.08e-07, -9.45e-07, 0.000329483
9.896e-06, -2.85e-07, -8.69e-07, -0.000151232
0.001206585, 0.0, -9.5e-07, -0.001267709
0.001673036, -5.7e-08, -1.088e-06, -0.001679213
0.001246924, -3.04e-07, -8.31e-07, -0.001270139
0.000619319, 1.9e-08, -9.12e-07, -0.000701433
5.9828e-05, -2.09e-07, -9.45e-07, -0.000125125
-0.000501447, -3.42e-07, -9.83e-07, 0.000522769
-0.00051724, -1.71e-07, -1.088e-06, 0.000620424
0.000123467, -9.5e-08, -1.069e-06, 8.9694e-05
0.000206474, -2.47e-07, -9.45e-07, 7.0251e-05
-0.000472761, -7.6e-08, -8.6e-07, 0.000660654
-0.000814094, -9.5e-08, -7.27e-07, 0.000844253
-0.000957356, -3.04e-07, -9.26e-07, 0.000900922
-0.000993331, 0.0, -9.74e-07, 0.000908073
-0.0004372, 2.09e-07, -9.02e-07, 0.000342195
0.000359199, -9.5e-08, -1.002e-06, -0.000462692
0.000524559, -7.6e-08, -8.6e-07, -0.000620469
0.000294033, 7.6e-08, -7.5e-07, -0.000448685
0.000195203, -9.5e-08, -8.98e-07, -0.00039676
-5.7334e-05, -9.5e-08, -9.4e-07, -7.7713e-05
-0.000307791, 0.0, -9.02e-07, 0.000282068
6.042e-06, -1.9e-07, -9.97e-07, 6.3205e-05
0.000362156, -5.13e-07, -9.83e-07, -0.000222754
0.000113215, -4.18e-07, -9.36e-07, 4.1814e-05
-0.000307862, -3.42e-07, -1.012e-06, 0.00041143
-0.000611273, -1.14e-07, -1.054e-06, 0.000646034
-0.000829208, -3.99e-07, -9.36e-07, 0.000850615
-0.000482204, -3.99e-07, -1.016e-06, 0.000516677
0.000177878, -5.32e-07, -1.216e-06, -0.000176707
0.000387375, -5.32e-07, -9.4e-07, -0.000398701
0.000269985, -3.99e-07, -7.12e-07, -0.000323417
0.000254261, -2.47e-07, -7.88e-07, -0.00038144
0.000577077, -2.09e-07, -8.93e-07, -0.000700279
0.000857372, -5.32e-07, -1.126e-06, -0.000937954
0.0008352, -2.85e-07, -1.273e-06, -0.000852411
0.000640541, -2.85e-07, -9.5e-07, -0.000597233
1.584e-06, -1.52e-07, -8.22e-07, 7.321e-05
-0.001059321, 3.23e-07, -8.64e-07, 0.001201769
-0.001602027, 1.9e-08, -9.78e-07, 0.001674036
-0.001550167, -6.65e-07, -1.159e-06, 0.001606794
-0.000380599, -5.13e-07, -1.149e-06, 0.000551049
0.000975258, -3.8e-07, -1.031e-06, -0.000794932
0.001879937, -9.5e-08, -7.65e-07, -0.001774818
0.001878135, -3.61e-07, -7.93e-07, -0.001870355
0.001500003, -5.51e-07, -1.173e-06, -0.001573545
0.00062552, -2.85e-07, -1.249e-06, -0.000765828
-0.00089493, -5.13e-07, -1.13e-06, 0.000590348
-0.001666505, -4.37e-07, -1.069e-06, 0.001326297
-0.001394079, -2.47e-07, -1.035e-06, 0.001255018
-0.001125086, -3.04e-07, -1.012e-06, 0.001050112
-0.000585898, -5.13e-07, -1.097e-06, 0.000540853
0.000304836, -1.71e-07, -1.05e-06, -0.000165787
0.000163762, -1.9e-07, -1.05e-06, 6.5254e-05
-0.0004668, -2.28e-07, -1.092e-06, 0.00063757
-0.000833302, -1.33e-07, -1.102e-06, 0.000936787
-0.001154055, -2.85e-07, -1.054e-06, 0.001209366
-0.001098816, -3.04e-07, -1.04e-06, 0.001170527
-0.00029073, -2.47e-07, -9.17e-07, 0.000287835
0.00066368, -2.09e-07, -9.45e-07, -0.000768514
0.001614388, -3.8e-08, -9.36e-07, -0.001678731
0.00204961, -2.09e-07, -1.092e-06, -0.002099556
0.002251367, -5.51e-07, -1.187e-06, -0.002338266
0.002125012, -6.08e-07, -1.069e-06, -0.002126962
0.001408235, -3.23e-07, -9.31e-07, -0.001333928
0.000635385, -1.9e-07, -8.88e-07, -0.000554689
-1.2774e-05, -9.5e-08, -9.97e-07, 7.0239e-05
-0.001072901, -1.71e-07, -8.88e-07, 0.001080246
-0.00171931, -1.33e-07, -8.98e-07, 0.00175031
-0.001742981, -2.47e-07, -8.93e-07, 0.001824026
-0.001777803, -1.9e-07, -7.65e-07, 0.001826446
-0.001539979, -3.04e-07, -9.36e-07, 0.001562103
-0.000827565, -4.18e-07, -9.4e-07, 0.00084601
-5.9773e-05, -1.9e-07, -9.4e-07, 3.698e-06
0.000725977, -2.85e-07, -1.045e-06, -0.000835226
0.001392174, -1.9e-07, -1.069e-06, -0.001514513
0.001554017, -5.7e-08, -8.98e-07, -0.001694633
0.001259585, -2.47e-07, -9.31e-07, -0.001386149
0.000516302, -6.84e-07, -8.17e-07, -0.000667845
-2.2212e-05, -8.74e-07, -1.002e-06, -0.000149888
-0.000106086, -6.65e-07, -9.59e-07, 4.2463e-05
-0.000174624, -2.85e-07, -9.02e-07, 0.000217439
-0.000119002, -2.28e-07, -1.102e-06, 0.00025163
5.447e-05, -1.33e-07, -1.097e-06, 0.000168773
-0.000189313, 0.0, -9.55e-07, 0.000468256
-0.000667211, 1.14e-07, -8.74e-07, 0.000912006
-0.000931057, -2.09e-07, -8.64e-07, 0.001051451
-0.000981276, -5.89e-07, -9.97e-07, 0.000974845
-0.000967694, -4.56e-07, -1.154e-06, 0.000887554
-0.000590792, -4.18e-07, -1.002e-06, 0.000431951
-4.7595e-05, -5.13e-07, -1.002e-06, -0.000180167
0.000410302, -5.13e-07, -9.55e-07, -0.000609221
0.00070219, -3.42e-07, -9.17e-07, -0.000811306
0.00098685, -5.89e-07, -8.41e-07, -0.001034756
0.000985724, -6.84e-07, -9.88e-07, -0.000972864
0.000463618, -4.75e-07, -1.007e-06, -0.000393153
-0.000170195, -3.23e-07, -9.64e-07, 0.000285764
-0.000688618, -2.28e-07, -7.74e-07, 0.00083116
-0.001168466, -3.99e-07, -9.02e-07, 0.001288841
-0.001233594, -6.65e-07, -9.02e-07, 0.001331508
-0.000814004, -5.13e-07, -8.26e-07, 0.00088626
-0.000293012, -7.6e-07, -1.002e-06, 0.000305515
0.000100585, -5.51e-07, -9.5e-07, -0.000171
0.000639335, -3.42e-07, -9.21e-07, -0.000728632
0.001128354, -3.61e-07, -1.059e-06, -0.001199372
0.001076822, -3.04e-07, -1.187e-06, -0.001175564
0.001069507, -4.37e-07, -1.107e-06, -0.001200223
0.001071637, -5.13e-07, -9.45e-07, -0.001186995
0.000792899, -7.6e-07, -9.83e-07, -0.000875751
0.000433578, -6.65e-07, -1.116e-06, -0.000479401
0.000153215, -6.08e-07, -1.002e-06, -0.000119266
-0.000320173, -5.32e-07, -8.07e-07, 0.000452938
-0.00124743, -4.94e-07, -8.45e-07, 0.001403319
-0.001808425, -7.79e-07, -8.88e-07, 0.001915995
-0.001880289, -6.46e-07, -9.07e-07, 0.002002725
-0.001873428, -5.89e-07, -9.12e-07, 0.002014559
-0.001538286, -1.9e-07, -8.64e-07, 0.001622655
-0.000541906, -3.42e-07, -9.45e-07, 0.000555609
0.000528381, -5.32e-07, -1.045e-06, -0.000539421
0.001010152, -7.22e-07, -1.04e-06, -0.001073492
0.001344294, -3.99e-07, -1.202e-06, -0.001503128
0.001731277, -2.66e-07, -1.107e-06, -0.001908951
0.001731667, -4.94e-07, -1.083e-06, -0.001849613
0.001381416, -5.13e-07, -9.93e-07, -0.001458478
0.000955205, 1.14e-07, -9.59e-07, -0.000989469
0.000486706, -2.09e-07, -9.88e-07, -0.000442764
-4.664e-05, -2.85e-07, -1.026e-06, 0.000148769
-0.000230655, -4.37e-07, -9.69e-07, 0.000361693
-0.000361004, -4.75e-07, -9.21e-07, 0.000493064
-0.000751172, -1.026e-06, -9.59e-07, 0.000864772
-0.000920175, -7.98e-07, -1.102e-06, 0.000992412
-0.000925371, 2.09e-07, -1.069e-06, 0.000930615
-0.001040337, 0.0, -9.02e-07, 0.000936975
-0.000923647, -3.8e-07, -9.26e-07, 0.000725754
-0.000208956, -5.32e-07, -1.012e-06, -1.89e-06
0.000590897, -4.56e-07, -1.154e-06, -0.000718218
0.001183411, -2.47e-07, -1.05e-06, -0.001252161
0.001576201, -2.66e-07, -1.007e-06, -0.001636769
0.001503157, -3.23e-07, -1.054e-06, -0.001482818
0.00047914, -5.13e-07, -1.035e-06, -0.0004075
-0.000638565, -3.42e-07, -9.02e-07, 0.000680472
-0.001017087, -2.28e-07, -8.41e-07, 0.001085561
-0.001252714, -5.7e-07, -9.55e-07, 0.001387201
-0.00120549, -6.84e-07, -8.55e-07, 0.001372942
-0.000862841, -2.85e-07, -8.55e-07, 0.001021214
-0.000669325, -2.28e-07, -1.045e-06, 0.000760332
-0.000606269, -3.42e-07, -1.135e-06, 0.000631771
-0.000151776, -3.8e-08, -9.93e-07, 0.000101331
0.000682296, -3.8e-08, -8.45e-07, -0.000778944
0.00130646, -1.71e-07, -1.073e-06, -0.001391998
0.001795534, -1.33e-07, -1.026e-06, -0.001869151
0.001977981, 1.9e-08, -8.83e-07, -0.002057877
0.001356083, -3.8e-08, -1.016e-06, -0.001448656
0.000195091, 1.14e-07, -9.93e-07, -0.000335719
-0.000543456, -5.7e-08, -1.073e-06, 0.000422236
-0.000909657, -2.85e-07, -9.97e-07, 0.000889765
-0.00146661, 4.18e-07, -7.74e-07, 0.001532729
-0.001522569, 3.04e-07, -6.55e-07, 0.001634658
-0.001358002, -7.6e-08, -8.79e-07, 0.00150485
-0.001572206, -3.61e-07, -9.88e-07, 0.001689926
-0.00135348, 1.14e-07, -1.002e-06, 0.001405267
-0.000505264, 5.7e-08, -1.064e-06, 0.000507691
0.000355172, -4.94e-07, -1.282e-06, -0.000343511
0.001111417, -3.61e-07, -1.088e-06, -0.001082978
0.001636964, 0.0, -7.74e-07, -0.001662895
0.001815896, 5.7e-08, -8.88e-07, -0.001893828
0.001487908, -3.42e-07, -1.097e-06, -0.001602528
0.000957513, -3.04e-07, -9.78e-07, -0.001119513
0.000725649, -1.52e-07, -9.83e-07, -0.000831785
0.000366837, -1.14e-07, -1.035e-06, -0.000374565
1.4997e-05, -7.6e-08, -1.064e-06, 5.6985e-05
-0.000129112, -3.23e-07, -8.83e-07, 0.000256503
-0.000724032, -1.52e-07, -9.5e-07, 0.000871528
-0.001458725, -7.6e-08, -1.168e-06, 0.001576436
-0.001474594, -5.7e-08, -1.263e-06, 0.001550246
-0.000898165, -5.32e-07, -1.32e-06, 0.000976172
-0.000468358, -6.65e-07, -1.135e-06, 0.000534052
-0.000195055, -4.37e-07, -1.016e-06, 0.00015839
0.000166137, -2.66e-07, -9.88e-07, -0.000266356
3.7107e-05, -3.42e-07, -9.78e-07, -0.000155357
-9.2081e-05, -1.14e-07, -9.88e-07, -0.000114317
0.000235564, -3.8e-07, -1.254e-06, -0.00046519
0.000514257, -2.47e-07, -1.235e-06, -0.000647545
0.000492313, -3.23e-07, -1.007e-06, -0.000512873
0.000832561, -4.94e-07, -9.97e-07, -0.00077656
0.00121422, -3.61e-07, -8.22e-07, -0.001094078
0.000553314, -1.9e-08, -7.46e-07, -0.000384573
-0.000394813, 2.66e-07, -9.83e-07, 0.000531033
-0.000821428, 1.33e-07, -9.12e-07, 0.000904233
-0.001065285, -5.7e-08, -9.17e-07, 0.001134771
-0.001079277, -3.04e-07, -8.31e-07, 0.00114547
-0.000479981, -6.27e-07, -8.98e-07, 0.000507696
0.00013035, -5.32e-07, -8.5e-07, -0.000154991
0.00041574, -4.37e-07, -1.016e-06, -0.000452838
0.000591671, -2.85e-07, -1.078e-06, -0.000683066
0.000600612, -3.61e-07, -1.14e-06, -0.000753129
0.000200109, -5.32e-07, -1.083e-06, -0.000342369
-7.068e-06, -1.52e-07, -9.64e-07, -6.6425e-05
0.000149023, -2.47e-07, -9.02e-07, -0.000180923
7.3186e-05, -7.03e-07, -8.45e-07, -3.7879e-05
-0.000333584, -4.37e-07, -9.59e-07, 0.000380409
-0.000451708, -3.42e-07, -9.93e-07, 0.00051415
-0.000359988, -1.9e-07, -9.59e-07, 0.000458056
-0.000587434, -1.14e-07, -9.17e-07, 0.000669842
-0.00054344, 0.0, -7.6e-07, 0.000577001
-0.000217315, 3.8e-08, -8.93e-07, 0.000251722
0.000187757, -4.94e-07, -9.07e-07, -0.000149208
0.000445944, -4.37e-07, -9.45e-07, -0.000498234
0.000943511, -4.94e-07, -9.78e-07, -0.001048601
0.000900359, -3.04e-07, -9.12e-07, -0.00099117
0.000541307, -2.09e-07, -9.26e-07, -0.000639577
0.000590277, -2.47e-07, -9.4e-07, -0.000675352
0.000340827, -5.13e-07, -8.98e-07, -0.000388548
-0.00027549, -3.04e-07, -9.31e-07, 0.000318508
-0.000511657, -3.04e-07, -9.26e-07, 0.000563507
-0.000516114, -2.47e-07, -1.107e-06, 0.000509481
-0.000563106, -1.9e-07, -1.069e-06, 0.000626306
-0.000617391, -2.47e-07, -8.98e-07, 0.000739284
-0.000200719, -3.42e-07, -8.41e-07, 0.000334425
-1.1445e-05, -4.37e-07, -8.98e-07, 0.000129644
-0.00047382, -3.8e-07, -9.31e-07, 0.000487243
-0.000444094, -9.5e-08, -9.26e-07, 0.000400066
-0.000388532, -9.5e-08, -9.74e-07, 0.000304029
-0.000282429, -1.33e-07, -9.26e-07, 0.00016564
0.000450112, -9.5e-08, -9.93e-07, -0.000528573
0.001440056, -7.6e-08, -9.97e-07, -0.001458507
0.001505341, -5.7e-08, -9.78e-07, -0.001467921
0.00072687, -1.71e-07, -8.36e-07, -0.000735804
0.000170454, -3.99e-07, -9.5e-07, -0.000225162
-0.000521444, -5.51e-07, -1.111e-06, 0.000514789
-0.001441016, -3.04e-07, -1.021e-06, 0.001431307
-0.001189251, -9.5e-08, -7.98e-07, 0.001195152
-0.000321726, -2.09e-07, -8.69e-07, 0.000393077
0.000344853, -2.28e-07, -9.12e-07, -0.000212641
0.000887734, -1.52e-07, -9.4e-07, -0.00075952
0.001364502, -2.09e-07, -9.78e-07, -0.001300917
0.001119052, -2.28e-07, -8.55e-07, -0.001100278
0.000157048, -1.9e-07, -7.5e-07, -0.000227988
-0.000155191, 1.52e-07, -8.74e-07, 1.786e-06
-0.000320864, 1.52e-07, -8.6e-07, 0.000175973
-0.000633466, 1.14e-07, -9.69e-07, 0.000500607
-0.000498277, 9.5e-08, -1.021e-06, 0.000365388
-0.000113559, -7.6e-08, -1.126e-06, 2.762e-05
-0.000240252, -1.71e-07, -1.021e-06, 0.000232692
-0.000210922, 1.9e-08, -9.12e-07, 0.00029514
0.000363648, 0.0, -1.054e-06, -0.000187734
0.000720648, -1.9e-08, -1.135e-06, -0.000457391
0.000220524, -2.09e-07, -1.092e-06, -1.584e-06
5.9267e-05, -3.99e-07, -1.078e-06, 4.4363e-05
-9.675e-05, -2.85e-07, -9.17e-07, 0.000128709
-0.000870092, -1.9e-08, -8.5e-07, 0.000803446
-0.001137224, -1.52e-07, -9.97e-07, 0.000976999
-0.000497431, -2.47e-07, -1.092e-06, 0.000325692
0.000108344, -7.6e-08, -1.145e-06, -0.000226969
0.000525419, 1.9e-07, -1.216e-06, -0.000608749
0.00102937, 2.09e-07, -9.93e-07, -0.001137768
0.001096745, -7.6e-08, -6.6e-07, -0.001129924
0.000425644, -1.9e-08, -8.41e-07, -0.000360615
-0.000129412, 3.23e-07, -8.88e-07, 0.000197898
-0.000401142, 7.6e-08, -8.74e-07, 0.000475749
-0.001104221, -2.09e-07, -8.98e-07, 0.001204984
-0.001467574, -2.66e-07, -1.04e-06, 0.001515197
-0.001144411, 1.9e-08, -1.154e-06, 0.001132522
-0.000680318, -7.6e-08, -9.45e-07, 0.000664228
-0.000206462, -9.5e-08, -8.83e-07, 0.000236442
0.000786183, -1.52e-07, -8.64e-07, -0.000728972
0.001484276, -3.8e-07, -9.59e-07, -0.001454384
0.001333016, -2.85e-07, -1.126e-06, -0.00132283
0.000950519, 5.7e-08, -1.121e-06, -0.000993528
0.000543214, 3.8e-07, -9.26e-07, -0.00066604
-0.000182592, 1.52e-07, -8.93e-07, 2.2155e-05
-0.000381196, -2.09e-07, -8.69e-07, 0.000266838
-0.000301941, -2.85e-07, -9.21e-07, 0.000249288
-0.000432507, -4.18e-07, -8.41e-07, 0.000447383
-0.000798807, -6.84e-07, -8.83e-07, 0.00086619
-0.000839294, -5.13e-07, -9.12e-07, 0.000950631
-0.000874381, -3.8e-07, -8.41e-07, 0.001016954
-0.001120614, -3.42e-07, -7.69e-07, 0.001261359
-0.000714787, -1.71e-07, -9.59e-07, 0.000814406
8.0667e-05, -4.94e-07, -9.64e-07, -2.391e-06
0.00040565, -3.61e-07, -9.36e-07, -0.000411881
0.000692646, -1.9e-07, -9.97e-07, -0.000810136
0.001284352, -2.47e-07, -9.17e-07, -0.001473003
0.001549699, -2.66e-07, -8.17e-07, -0.001735638
0.001559755, -7.6e-08, -9.17e-07, -0.001702465
0.001453223, -2.47e-07, -8.74e-07, -0.001567428
0.001018198, -1.9e-07, -8.69e-07, -0.001084614
0.00031554, -1.71e-07, -9.36e-07, -0.000294686
-0.000240807, -5.51e-07, -8.64e-07, 0.000326509
-0.000663993, -5.7e-07, -9.17e-07, 0.00079178
-0.001353426, -4.37e-07, -8.55e-07, 0.001512402
-0.001878717, -2.28e-07, -8.07e-07, 0.002044528
-0.001890921, -2.09e-07, -6.98e-07, 0.00205155
-0.001815809, -6.46e-07, -9.17e-07, 0.00188538
-0.001364528, -6.46e-07, -1.102e-06, 0.001332503
-0.000260887, -3.42e-07, -1.092e-06, 0.000191583
0.000756798, -1.9e-07, -1.002e-06, -0.000848898
0.001271084, -5.7e-08, -1.007e-06, -0.001369086
0.001767017, -1.71e-07, -8.79e-07, -0.001867329
0.001936454, -5.32e-07, -7.5e-07, -0.00204463
0.001564642, -3.42e-07, -9.36e-07, -0.001646535
0.000960961, -1.52e-07, -1.045e-06, -0.001045303
0.000544779, -9.5e-08, -9.78e-07, -0.000604818
0.000159694, -2.47e-07, -7.65e-07, -0.000114027
-0.000611178, -4.56e-07, -7.6e-07, 0.000755107
-0.001271341, -3.23e-07, -7.27e-07, 0.001440199
-0.001897236, -1.9e-08, -1.107e-06, 0.002048529
-0.002472952, -3.42e-07, -1.221e-06, 0.002581375
-0.002358042, -3.8e-07, -1.116e-06, 0.002414968
-0.001416006, -1.9e-07, -9.5e-07, 0.001422447
-0.000390296, -3.99e-07, -7.65e-07, 0.000366989
0.000490307, -4.37e-07, -7.98e-07, -0.00055805
0.00131643, -7.6e-08, -9.69e-07, -0.001411351
0.001652797, -1.71e-07, -1.007e-06, -0.001799752
0.001366737, 5.7e-08, -1.045e-06, -0.001559883
0.001329043, 2.09e-07, -1.092e-06, -0.001519633
0.001522566, 9.5e-08, -9.64e-07, -0.001647696
0.001456832, -1.9e-07, -9.93e-07, -0.001430887
0.000845469, -9.5e-08, -9.78e-07, -0.000729573
0.000207341, 0.0, -9.59e-07, -4.3061e-05
-0.000681068, 1.9e-07, -8.31e-07, 0.000888851
-0.001622629, -1.33e-07, -7.65e-07, 0.001810605
-0.001760206, 1.9e-08, -8.31e-07, 0.001886444
-0.001398432, -3.23e-07, -7.22e-07, 0.001477634
-0.000933717, -4.18e-07, -9.36e-07, 0.000973589
-0.000371083, -3.61e-07, -1.116e-06, 0.000330625
0.000496752, -3.04e-07, -1.05e-06, -0.00060849
0.001009017, -2.66e-07, -1.073e-06, -0.001142181
0.001115708, 3.04e-07, -1.012e-06, -0.001277394
0.001310326, 4.75e-07, -1.016e-06, -0.001495467
0.001159959, 2.85e-07, -1.059e-06, -0.001301708
0.000566443, 3.61e-07, -1.126e-06, -0.000659186
0.000504485, 2.66e-07, -8.88e-07, -0.00047942
0.00037314, 7.6e-08, -9.02e-07, -0.000275269
-0.000195409, 3.04e-07, -9.69e-07, 0.000349045
-0.000902627, 2.85e-07, -1.164e-06, 0.001081106
-0.001403224, -1.52e-07, -1.054e-06, 0.001512996
-0.001921023, -4.56e-07, -9.12e-07, 0.001951067
-0.00213155, -5.32e-07, -8.83e-07, 0.002128363
-0.001538523, -3.99e-07, -1.021e-06, 0.00152217
-0.000771451, -5.7e-08, -9.36e-07, 0.000734731
0.000127193, -9.5e-08, -9.74e-07, -0.000201318
0.000927409, -3.61e-07, -9.59e-07, -0.001043939
0.001481237, -9.5e-08, -6.41e-07, -0.001627218
0.001540606, 2.28e-07, -7.88e-07, -0.001645903
0.001341549, 1.14e-07, -9.21e-07, -0.001392091
0.001100354, -3.8e-08, -8.5e-07, -0.001077898
0.000604386, -1.9e-08, -8.74e-07, -0.000515245
-0.00018629, 7.6e-08, -1.007e-06, 0.000253553
-0.000520729, -1.9e-08, -9.69e-07, 0.000569449
-0.000479834, 5.7e-08, -8.79e-07, 0.000579633
-0.000469679, -9.5e-08, -8.83e-07, 0.000614551
-0.000277561, -1.33e-07, -1.012e-06, 0.000421687
8.2349e-05, -1.71e-07, -1.164e-06, 3.4317e-05
7.3742e-05, -1.9e-08, -1.021e-06, -3.5934e-05
-0.000105558, -4.37e-07, -1.088e-06, 5.1461e-05
-1.0461e-05, 3.8e-08, -9.93e-07, -0.000160708
0.000196473, 2.28e-07, -8.64e-07, -0.000448281
0.000515639, 3.8e-08, -7.69e-07, -0.000714084
0.00046804, 1.14e-07, -7.74e-07, -0.000594818
6.9881e-05, -1.33e-07, -1.007e-06, -0.000166951
-0.000420314, -4.56e-07, -1.159e-06, 0.000409618
-0.001133311, -3.99e-07, -1.235e-06, 0.001135662
-0.0014315, -2.28e-07, -1.083e-06, 0.001436268
-0.000914711, 0.0, -8.74e-07, 0.001012021
-4.0085e-05, 7.6e-08, -8.31e-07, 0.000261008
0.000727286, -1.9e-07, -9.69e-07, -0.000424064
0.000864492, -5.7e-07, -1.05e-06, -0.000610371
0.000427498, -3.99e-07, -1.031e-06, -0.000304069
-0.000341243, 0.0, -8.88e-07, 0.000306698
-0.000971446, -1.33e-07, -8.74e-07, 0.000757964
-0.000770397, -1.14e-07, -8.36e-07, 0.000488552
0.000221381, 1.14e-07, -8.88e-07, -0.000424499
0.001216543, 1.14e-07, -8.6e-07, -0.001295111
0.001694362, -5.7e-08, -1.054e-06, -0.001716344
0.001643405, -2.47e-07, -1.026e-06, -0.001619034
0.001017196, -1.9e-08, -1.012e-06, -0.000992219
2.4157e-05, -1.14e-07, -9.78e-07, 2.1e-08
-0.000542098, -7.6e-08, -9.4e-07, 0.000616047
-0.000968611, -1.9e-07, -8.69e-07, 0.001115342
-0.00126286, -4.94e-07, -9.74e-07, 0.001431428
-0.001294446, -4.94e-07, -1.088e-06, 0.001434955
-0.001139659, -3.23e-07, -9.12e-07, 0.001214165
-0.001132491, 9.5e-08, -8.31e-07, 0.001100487
-0.000775591, 1.52e-07, -7.36e-07, 0.000657519
7.8328e-05, -1.9e-07, -8.79e-07, -0.000232322
0.000974175, -1.9e-07, -1.002e-06, -0.001098053
0.001404915, -3.04e-07, -1.149e-06, -0.001510098
0.001667576, -4.37e-07, -1.111e-06, -0.0017391
0.001560802, -2.47e-07, -1.059e-06, -0.001608276
0.001031514, -3.61e-07, -9.83e-07, -0.001082085
0.000559791, -3.04e-07, -8.93e-07, -0.000599596
0.00039193, -2.85e-07, -8.69e-07, -0.000349277
1.3905e-05, -3.99e-07, -8.83e-07, 0.000125398
-0.000593267, -3.42e-07, -1.078e-06, 0.000746712
-0.000902988, -1.9e-07, -1.121e-06, 0.00104259
-0.001211667, -1.9e-08, -9.83e-07, 0.001296255
-0.001481837, 3.8e-08, -9.45e-07, 0.00148748
-0.001188598, 9.5e-08, -1.007e-06, 0.001151103
-0.000503872, -1.9e-08, -9.5e-07, 0.000494935
-2.3333e-05, -2.47e-07, -1.016e-06, 1.9092e-05
9.5237e-05, -7.6e-08, -1.192e-06, -0.000161149
0.000144302, 1.52e-07, -1.192e-06, -0.000257873
-8.4284e-05, -1.9e-07, -1.04e-06, -5.6843e-05
-0.000130419, -5.32e-07, -8.45e-07, -1.4434e-05
0.000280396, -3.8e-07, -1.035e-06, -0.000373043
0.000807989, -2.66e-07, -1.14e-06, -0.000751954
0.000896355, -1.33e-07, -1.021e-06, -0.000722997
0.000636091, -3.04e-07, -1.031e-06, -0.000429869
0.000259856, -6.08e-07, -8.93e-07, -9.9407e-05
-0.000290955, -7.79e-07, -8.12e-07, 0.000415793
-0.000839905, -3.8e-07, -9.21e-07, 0.000873338
-0.00101285, -2.47e-07, -1.045e-06, 0.000916872
-0.000637698, -5.89e-07, -1.026e-06, 0.000511141
-5.1041e-05, -7.6e-07, -8.93e-07, -4.7721e-05
0.000643118, -4.56e-07, -9.17e-07, -0.000731606
0.001074649, -1.33e-07, -9.17e-07, -0.001172969
0.001110633, -9.5e-08, -1.045e-06, -0.001193775
0.000810819, -3.61e-07, -1.04e-06, -0.000881118
0.000340108, -2.66e-07, -9.74e-07, -0.000417602
-1.4722e-05, -3.23e-07, -1.092e-06, -4.2724e-05
-7.7803e-05, -5.13e-07, -1.111e-06, 0.000140367
-0.000263606, -3.42e-07, -9.31e-07, 0.000426389
-0.000643362, -2.09e-07, -8.26e-07, 0.000790999
-0.000863592, -6.65e-07, -7.6e-07, 0.000950949
-0.000961971, -5.51e-07, -8.07e-07, 0.000993459
-0.000907802, -5.13e-07, -1.002e-06, 0.000922579
-0.000488898, -3.99e-07, -1.054e-06, 0.000506016
0.000284861, -2.09e-07, -9.64e-07, -0.000229698
0.000806896, -4.18e-07, -9.88e-07, -0.000739972
0.000835908, -5.32e-07, -9.21e-07, -0.000862969
0.000490703, -5.89e-07, -8.79e-07, -0.000668446
0.000224722, -5.89e-07, -1.007e-06, -0.000460096
0.00015501, -9.12e-07, -1.164e-06, -0.000325476
0.000328811, -7.03e-07, -1.268e-06, -0.000382409
0.00084076, -4.37e-07, -1.216e-06, -0.000775987
0.000797827, -5.7e-07, -9.59e-07, -0.000650328
0.000147109, -3.04e-07, -9.83e-07, -3.6e-08
-0.000765322, -3.23e-07, -9.83e-07, 0.000813465
-0.001476572, -3.99e-07, -9.88e-07, 0.001462121
-0.00174209, -3.61e-07, -9.59e-07, 0.001743981
-0.001348177, -1.9e-07, -9.55e-07, 0.0014201
-0.000394034, -9.5e-08, -9.78e-07, 0.000500027
0.00035857, -1.9e-07, -1.031e-06, -0.000297379
0.000681216, -3.8e-07, -8.26e-07, -0.00073129
0.000752231, -2.47e-07, -8.07e-07, -0.000903007
0.000677043, -3.23e-07, -9.64e-07, -0.000858858
0.00077835, -6.65e-07, -1.031e-06, -0.00092658
0.001193718, -5.51e-07, -1.054e-06, -0.001211639
0.001216794, -3.99e-07, -9.97e-07, -0.001149248
0.000477022, -1.33e-07, -8.17e-07, -0.000414156
-0.000234231, -3.61e-07, -7.98e-07, 0.000269358
-0.000814042, -4.56e-07, -9.4e-07, 0.000818749
-0.001217799, -3.99e-07, -9.74e-07, 0.001215788
-0.000843203, -2.47e-07, -9.59e-07, 0.000940718
-0.000130775, -9.5e-08, -9.45e-07, 0.000319534
0.000208903, -1.52e-07, -8.5e-07, -3.401e-06
-7.6355e-05, -1.9e-08, -7.22e-07, 0.000184328
-0.000720764, 3.8e-08, -9.12e-07, 0.000620996
-0.001157385, -7.6e-08, -1.05e-06, 0.000916487
-0.001115687, -5.7e-08, -1.054e-06, 0.000852423
-0.000207286, -2.28e-07, -1.111e-06, 3.7832e-05
0.000923647, -2.66e-07, -1.23e-06, -0.00092892
0.001398534, -3.04e-07, -8.98e-07, -0.001311782
0.001141637, -4.56e-07, -8.55e-07, -0.001087449
0.000609205, -3.04e-07, -1.035e-06, -0.000594982
-0.000226173, -9.5e-08, -9.97e-07, 0.000212223
-0.000623074, -2.47e-07, -8.07e-07, 0.000647635
-9.3803e-05, -2.66e-07, -8.36e-07, 0.00025614
0.000373795, -1.9e-07, -9.59e-07, -0.000111545
0.000134596, 1.71e-07, -8.74e-07, 3.7715e-05
-0.000512766, 2.85e-07, -7.22e-07, 0.000492758
-0.001039372, 3.8e-08, -7.79e-07, 0.000869099
-0.001202391, 0.0, -9.4e-07, 0.000956285
-0.000386154, -1.33e-07, -1.097e-06, 0.00019327
0.001069301, -2.47e-07, -1.111e-06, -0.001123146
0.001859494, -2.09e-07, -1.026e-06, -0.001791124
0.001683433, -2.47e-07, -1.021e-06, -0.001613462
0.000711265, -3.99e-07, -1.24e-06, -0.00076544
-0.000467555, -5.51e-07, -1.111e-06, 0.000311807
-0.001289363, -2.28e-07, -9.02e-07, 0.001200557
-0.001283094, -2.28e-07, -9.02e-07, 0.00134892
-0.000682783, -2.85e-07, -1.064e-06, 0.00087752
-0.000235359, -1.9e-07, -1.021e-06, 0.000479653
-0.000239601, 0.0, -9.83e-07, 0.000393652
-0.000234184, -9.5e-08, -1.064e-06, 0.000281826
-0.000235666, -1.52e-07, -1.159e-06, 0.00016446
-1.3658e-05, -3.04e-07, -9.55e-07, -0.000120354
0.000735562, -2.28e-07, -9.69e-07, -0.000800952
0.001410197, -1.9e-08, -1.111e-06, -0.001403535
0.00134437, -2.28e-07, -1.107e-06, -0.001396052
0.000887573, -3.04e-07, -1.045e-06, -0.001035297
0.000126407, -2.66e-07, -1.092e-06, -0.000305287
-0.000629709, -1.33e-07, -1.012e-06, 0.00047734
-0.000735094, -1.71e-07, -1.126e-06, 0.000694128
-0.000352495, -2.28e-07, -1.002e-06, 0.000464945
7.3768e-05, -2.28e-07, -9.12e-07, 0.000187423
-0.000178818, -1.71e-07, -7.69e-07, 0.00043545
-0.000802693, -2.66e-07, -8.64e-07, 0.000884818
-0.00129081, 9.5e-08, -9.97e-07, 0.001220183
-0.001062214, 5.7e-08, -9.4e-07, 0.00099046
-0.000211855, -1.52e-07, -9.4e-07, 0.000147363
0.00101711, -3.23e-07, -9.02e-07, -0.001021357
0.001834976, -2.85e-07, -8.55e-07, -0.001774771
0.001467645, -5.32e-07, -8.79e-07, -0.001492434
0.000669469, -4.18e-07, -8.83e-07, -0.000868985
-5.4862e-05, -7.6e-08, -9.83e-07, -0.000210442
-0.000299087, 1.9e-08, -8.6e-07, 0.000143772
-9.6947e-05, -2.28e-07, -9.88e-07, 0.000127284
4.0475e-05, 5.7e-08, -9.74e-07, 0.000106207
-0.000333392, 0.0, -9.55e-07, 0.000529471
-0.00119729, -7.6e-08, -1.007e-06, 0.001357095
-0.00210969, -4.75e-07, -8.64e-07, 0.002148566
-0.002229891, -5.89e-07, -7.84e-07, 0.002216207
-0.001206704, -5.51e-07, -8.41e-07, 0.001271386
0.000262761, -5.51e-07, -8.74e-07, -0.000116915
0.00141535, -4.75e-07, -9.69e-07, -0.001275466
0.001799693, -6.08e-07, -9.55e-07, -0.001746427
0.001456809, -4.56e-07, -1.007e-06, -0.001545123
0.000755231, -3.61e-07, -1.021e-06, -0.000993625
0.00039999, 3.8e-08, -9.12e-07, -0.000660074
0.000594991, -5.7e-08, -8.98e-07, -0.000763327
0.000928302, -2.28e-07, -1.021e-06, -0.000929632
0.000643754, 1.9e-08, -1.016e-06, -0.000555777
-0.00023611, -1.33e-07, -8.07e-07, 0.000301723
-0.00110894, -3.8e-07, -7.5e-07, 0.001130451
-0.001648886, -4.75e-07, -8.45e-07, 0.001667617
-0.001608401, -3.99e-07, -9.45e-07, 0.001662404
-0.000793034, -2.85e-07, -9.4e-07, 0.000936975
0.000270923, -2.47e-07, -9.88e-07, -5.7657e-05
0.000518314, -3.42e-07, -1.016e-06, -0.000370143
0.000304026, -4.75e-07, -8.55e-07, -0.000326958
0.000144209, -3.61e-07, -7.17e-07, -0.000315245
0.000203641, -1.33e-07, -9.83e-07, -0.000451653
0.000871839, -5.32e-07, -1.031e-06, -0.001063722
0.001604288, -3.42e-07, -1.021e-06, -0.001649693
0.001537103, -1.9e-07, -9.17e-07, -0.001497124
0.000665361, -3.23e-07, -8.93e-07, -0.000641023
-0.000161515, -2.28e-07, -8.45e-07, 0.000134814
-0.000846573, -2.09e-07, -8.41e-07, 0.000782886
-0.00126272, -2.09e-07, -9.93e-07, 0.001259338
-0.001231305, -1.14e-07, -9.69e-07, 0.001346579
-0.001068467, -2.28e-07, -8.12e-07, 0.001293819
-0.001137837, -1.71e-07, -8.55e-07, 0.001363702
-0.001449769, -2.85e-07, -8.6e-07, 0.001536153
-0.001384311, -1.71e-07, -7.41e-07, 0.001285744
-0.000834936, -3.04e-07, -9.55e-07, 0.000684322
0.000191676, -2.28e-07, -9.12e-07, -0.000307553
0.001352661, -2.09e-07, -8.64e-07, -0.001412664
0.002250014, -4.94e-07, -9.93e-07, -0.002246765
0.002165832, -1.52e-07, -9.83e-07, -0.00218214
0.001593126, -1.52e-07, -9.21e-07, -0.001665812
0.000982359, -1.52e-07, -8.55e-07, -0.001114689
0.000588847, -9.5e-08, -9.45e-07, -0.000700554
0.000363574, 1.52e-07, -8.79e-07, -0.000351552
0.000152678, 2.28e-07, -1.021e-06, 1.0884e-05
-0.000611508, -3.8e-08, -9.26e-07, 0.000797344
-0.001451964, 7.6e-08, -8.74e-07, 0.001572123
-0.002109963, 2.47e-07, -8.69e-07, 0.002137276
-0.002292279, 0.0, -8.26e-07, 0.002256345
-0.001674641, -7.6e-08, -1.002e-06, 0.001612921
-0.00010378, -1.33e-07, -1.083e-06, 9.4648e-05
0.001286055, 2.28e-07, -9.93e-07, -0.00123737
0.001547814, 1.52e-07, -8.6e-07, -0.0015131
0.001078119, -3.8e-08, -9.97e-07, -0.001141195
0.000557549, -9.5e-08, -1.078e-06, -0.000727784
0.000340267, 3.8e-08, -1.126e-06, -0.000529765
0.000663126, -9.5e-08, -1.083e-06, -0.000779357
0.001263019, -3.42e-07, -1.097e-06, -0.001253961
0.00145706, -2.09e-07, -9.17e-07, -0.001326371
0.000859937, -3.8e-08, -8.41e-07, -0.000692738
-0.00022117, -2.85e-07, -8.69e-07, 0.000355374
-0.001301699, -3.23e-07, -9.55e-07, 0.001350659
-0.00203538, -1.9e-07, -9.17e-07, 0.002021337
-0.001896882, -3.42e-07, -1.007e-06, 0.001898758
-0.001271609, -4.56e-07, -1.035e-06, 0.001344354
-0.000787327, -2.09e-07, -1.002e-06, 0.000857293
-0.000652993, -5.7e-08, -9.45e-07, 0.000631324
-0.000421336, -9.5e-08, -1.04e-06, 0.00029167
-0.000342898, -2.66e-07, -1.187e-06, 0.000153175
-0.000142989, 5.7e-08, -1.154e-06, -5.779e-05
0.000626997, -7.6e-08, -8.88e-07, -0.000744021
0.001558363, -2.47e-07, -1.002e-06, -0.001529142
0.00159656, -1.71e-07, -8.45e-07, -0.001509687
0.001058488, 3.8e-08, -6.74e-07, -0.000993262
0.000557822, 0.0, -9.21e-07, -0.00050548
0.000110975, -2.47e-07, -9.74e-07, -2.7579e-05
-9.9901e-05, -3.99e-07, -9.78e-07, 0.00019401
0.000219735, -3.8e-07, -9.17e-07, -9.7847e-05
0.000454522, -4.56e-07, -9.78e-07, -0.000283664
-2.2694e-05, -6.08e-07, -1.04e-06, 0.000159886
-0.000616184, -4.94e-07, -7.98e-07, 0.000616417
-0.000839753, -3.99e-07, -9.59e-07, 0.000701571
-0.000982433, -4.18e-07, -9.74e-07, 0.000798159
-0.001212002, -3.04e-07, -1.064e-06, 0.00098158
-0.000947757, -3.99e-07, -9.83e-07, 0.000730991
-0.000466729, -2.28e-07, -7.55e-07, 0.000369955
-0.000265734, -3.61e-07, -8.45e-07, 0.000242995
-1.2696e-05, -4.56e-07, -8.07e-07, 1.595e-05
0.000622521, -4.18e-07, -8.79e-07, -0.000557079
0.001009228, -1.14e-07, -1.05e-06, -0.000874191
0.001352837, -1.9e-07, -1.092e-06, -0.001169254
0.001519256, -7.03e-07, -9.26e-07, -0.001297203
0.001042885, -7.03e-07, -7.17e-07, -0.00084431
0.000314383, -2.28e-07, -6.93e-07, -0.00019274
-6.0056e-05, -1.33e-07, -9.64e-07, 3.8107e-05
-0.00010188, -1.52e-07, -9.26e-07, -5.9189e-05
8.4845e-05, -3.42e-07, -9.93e-07, -0.000286042
0.000661096, -4.75e-07, -9.64e-07, -0.000820796
0.001087492, -3.42e-07, -9.59e-07, -0.001169751
0.000661359, -2.85e-07, -9.64e-07, -0.000686842
-9.5952e-05, -9.5e-08, -1.012e-06, 6.6278e-05
-0.001013555, 1.9e-08, -9.02e-07, 0.000958988
-0.002106631, -7.6e-08, -9.12e-07, 0.002035589
-0.002635503, -2.66e-07, -8.22e-07, 0.002578644
-0.002065382, -2.28e-07, -8.6e-07, 0.002106529
-0.001230526, -1.71e-07, -9.17e-07, 0.001379613
-0.000703421, -1.9e-08, -8.31e-07, 0.000886706
-0.000132288, 0.0, -8.17e-07, 0.000305069
0.000477364, -3.04e-07, -9.02e-07, -0.000346451
0.000931484, -5.7e-08, -9.83e-07, -0.000897711
0.001689223, -9.5e-08, -9.74e-07, -0.001742354
0.002241737, -3.8e-08, -1.021e-06, -0.002329394
0.001992715, -2.28e-07, -8.93e-07, -0.002087283
0.00138043, 9.5e-08, -7.93e-07, -0.00148173
0.000799902, -1.71e-07, -8.98e-07, -0.000900243
-0.000276886, -5.32e-07, -8.6e-07, 0.000162035
-0.001352181, -5.7e-07, -9.17e-07, 0.001231998
-0.00169013, -6.65e-07, -9.02e-07, 0.001607349
-0.001394133, -7.6e-08, -8.22e-07, 0.001434238
-0.001034378, -3.8e-08, -9.4e-07, 0.001232592
-0.000492133, -3.23e-07, -8.79e-07, 0.000760187
-0.000178265, -1.71e-07, -8.07e-07, 0.000406037
-0.000439145, 1.52e-07, -9.36e-07, 0.000540284
-0.000767362, 1.14e-07, -9.31e-07, 0.000684061
-0.000377132, -1.33e-07, -1.016e-06, 0.000196402
0.000257234, 2.09e-07, -1.078e-06, -0.000458006
0.00093806, 1.52e-07, -9.97e-07, -0.001098623
0.001907709, -1.9e-07, -7.84e-07, -0.002006328
0.002375122, -7.6e-08, -9.07e-07, -0.002438845
0.001799241, -9.5e-08, -8.07e-07, -0.001891671
0.000900808, -7.6e-08, -1.007e-06, -0.000992671
9.2554e-05, 1.9e-08, -1.164e-06, -9.6289e-05
-0.000843683, -2.09e-07, -9.88e-07, 0.000954027
-0.001458609, -3.61e-07, -8.5e-07, 0.001660665
-0.001612448, -2.28e-07, -7.27e-07, 0.001866208
-0.001806661, -1.33e-07, -9.83e-07, 0.002013139
-0.001980392, 1.52e-07, -9.55e-07, 0.002045606
-0.001421007, -3.04e-07, -9.31e-07, 0.001359109
-0.000392407, -1.9e-08, -9.59e-07, 0.000313754
0.000622829, -5.7e-08, -1.097e-06, -0.000645837
0.001670146, -3.8e-08, -1.088e-06, -0.001683248
0.002328669, 1.14e-07, -1.102e-06, -0.002359327
0.001836691, 2.28e-07, -9.36e-07, -0.001935198
0.000739438, 1.9e-08, -1.059e-06, -0.000953872
0.000193642, -1.33e-07, -1.13e-06, -0.000439663
0.000161712, -5.7e-08, -9.88e-07, -0.000274616
0.000221827, 7.6e-08, -9.78e-07, -0.00011933
0.000323382, -2.09e-07, -9.59e-07, -7.901e-05
-0.000103609, 9.5e-08, -1.007e-06, 0.000376645
-0.001534448, 7.6e-08, -9.17e-07, 0.001685803
-0.0027007, -3.8e-07, -9.31e-07, 0.002682946
-0.002556581, -4.18e-07, -9.83e-07, 0.002473112
-0.001471668, 9.5e-08, -8.03e-07, 0.001419696
0.00015792, 2.47e-07, -7.36e-07, -0.000131919
0.001825823, 5.7e-08, -9.26e-07, -0.001762685
0.002401198, 0.0, -1.04e-06, -0.002381218
0.00169773, 9.5e-08, -1.012e-06, -0.001819568
0.000921795, 0.0, -9.93e-07, -0.001185463
0.000621231, -1.52e-07, -8.6e-07, -0.000857623
0.000423112, -1.14e-07, -8.64e-07, -0.000478511
0.000286414, -1.71e-07, -8.98e-07, -0.00018733
-8.6315e-05, -3.04e-07, -9.26e-07, 0.000247212
-0.000882306, -3.61e-07, -8.55e-07, 0.001035461
-0.001896815, -3.04e-07, -9.4e-07, 0.001984489
-0.002081486, -3.61e-07, -9.02e-07, 0.002102344
-0.001573424, -4.94e-07, -8.93e-07, 0.001612519
-0.000754331, -1.33e-07, -1.016e-06, 0.000898885
0.000157554, -2.09e-07, -8.79e-07, 3.961e-06
0.000922735, -2.47e-07, -8.45e-07, -0.000833915
0.000994316, -1.9e-07, -8.64e-07, -0.001069251
0.00089243, -2.09e-07, -7.36e-07, -0.001116176
0.001215845, -4.18e-07, -8.36e-07, -0.001489891
0.001524134, -1.52e-07, -9.88e-07, -0.001720441
0.001380637, -1.9e-07, -9.12e-07, -0.001434957
0.000944786, -3.99e-07, -1.045e-06, -0.000909935
0.0003264, -4.56e-07, -1.254e-06, -0.000263117
-0.000774121, -5.13e-07, -1.178e-06, 0.000801066
-0.001493795, -2.66e-07, -1.168e-06, 0.001482412
-0.00165383, -2.28e-07, -9.83e-07, 0.001654752
-0.001434015, -2.28e-07, -9.21e-07, 0.001528971
-0.000979806, -1.9e-07, -7.93e-07, 0.001179077
-0.000400111, -6.65e-07, -8.5e-07, 0.000617873
-0.000189299, -2.28e-07, -8.22e-07, 0.000309985
-0.000287975, -1.71e-07, -9.83e-07, 0.000243983
-0.000165101, -4.94e-07, -8.41e-07, -5.3653e-05
0.000277585, -3.8e-07, -7.41e-07, -0.000560142
0.000855101, -7.6e-08, -9.07e-07, -0.001057861
0.001732945, 9.5e-08, -1.021e-06, -0.001806335
0.002306661, -2.28e-07, -9.55e-07, -0.002255511
0.001752687, -1.71e-07, -8.26e-07, -0.001664125
0.000481978, 1.33e-07, -1.031e-06, -0.000436456
-0.000644493, -3.04e-07, -1.121e-06, 0.000628061
-0.001334348, -3.42e-07, -8.74e-07, 0.001339829
-0.001508016, -2.47e-07, -8.41e-07, 0.001621482
-0.00101721, -4.56e-07, -1.035e-06, 0.001234744
-0.000588752, -2.66e-07, -1.05e-06, 0.00081039
-0.000978827, -3.04e-07, -1.016e-06, 0.001077252
-0.001577481, -4.18e-07, -1.007e-06, 0.001497865
-0.001672008, -1.71e-07, -8.55e-07, 0.001452719
-0.000931112, -1.33e-07, -8.45e-07, 0.000706114
0.000547164, -3.42e-07, -8.03e-07, -0.000645991
0.00217373, -3.04e-07, -8.45e-07, -0.002142415
0.002866063, -5.32e-07, -8.79e-07, -0.00280135
0.00234725, -3.42e-07, -8.93e-07, -0.002356045
0.001421682, -5.13e-07, -1.016e-06, -0.001543788
0.00051975, -5.13e-07, -1.054e-06, -0.00066472
-0.000175467, -3.04e-07, -1.078e-06, 0.000109346
-0.000282213, -4.75e-07, -1.012e-06, 0.000374418
-0.000257061, -4.94e-07, -9.59e-07, 0.000450378
-0.00070514, -4.75e-07, -8.98e-07, 0.000870757
-0.001268619, -1.9e-07, -1.064e-06, 0.001347025
-0.001398973, -1.14e-07, -1.073e-06, 0.001378241
-0.001020279, -1.33e-07, -9.97e-07, 0.000965265
-0.000273692, -5.13e-07, -8.64e-07, 0.000275186
0.000498524, -5.7e-07, -9.64e-07, -0.000451409
0.000786456, -3.61e-07, -1.145e-06, -0.000753089
0.000398335, -2.66e-07, -9.97e-07, -0.000457213
-6.2903e-05, -6.65e-07, -8.12e-07, -0.000105922
-0.000167706, -4.94e-07, -8.64e-07, -3.0631e-05
-5.0027e-05, 1.33e-07, -9.4e-07, -8.0043e-05
0.000194956, 2.66e-07, -1.026e-06, -0.000176816
0.00049134, -1.9e-07, -1.012e-06, -0.000321422
0.000318675, -4.18e-07, -9.69e-07, -0.000104027
-0.00019189, -5.7e-07, -1.035e-06, 0.000359644
-0.000683054, -8.74e-07, -9.21e-07, 0.000766694
-0.001048038, -6.27e-07, -9.97e-07, 0.001061889
-0.001152953, -5.32e-07, -7.22e-07, 0.001146225
-0.000812553, -4.94e-07, -7.6e-07, 0.000802025
-0.000259718, -4.75e-07, -8.98e-07, 0.000226724
0.000210214, -7.6e-07, -9.21e-07, -0.00026064
0.000544729, -6.84e-07, -9.78e-07, -0.000637316
0.000637112, -5.89e-07, -1.045e-06, -0.000820556
0.000680045, -7.79e-07, -9.93e-07, -0.000876803
0.00077532, -9.12e-07, -9.07e-07, -0.000882515
0.00081617, -3.8e-07, -9.5e-07, -0.000816403
0.000721876, -5.13e-07, -9.31e-07, -0.000647298
0.000442033, -6.65e-07, -9.4e-07, -0.000322626
4.8077e-05, -5.89e-07, -1.031e-06, 0.000102989
-0.000306204, -2.28e-07, -9.5e-07, 0.00045166
-0.000603854, -2.09e-07, -8.64e-07, 0.000672258
-0.000456738, -6.08e-07, -8.93e-07, 0.000519069
-5.5392e-05, -3.61e-07, -1.016e-06, 0.000178666
0.000175809, -5.32e-07, -9.26e-07, -0.000101022
0.000343266, -8.74e-07, -1.002e-06, -0.000365082
0.000256522, -7.41e-07, -9.17e-07, -0.000355682
-0.000127258, -3.42e-07, -8.88e-07, -6.3996e-05
-0.000238535, -2.28e-07, -9.97e-07, 5.049e-06
9.972e-06, -3.61e-07, -9.07e-07, -0.000222502
0.000299267, -5.89e-07, -9.5e-07, -0.000403605
0.000400995, -5.13e-07, -1.135e-06, -0.000362662
0.000143625, -3.42e-07, -1.268e-06, -2.9163e-05
-0.000494897, -3.04e-07, -1.154e-06, 0.000619778
-0.001157461, -5.7e-07, -9.26e-07, 0.001247656
-0.00138162, -3.04e-07, -9.93e-07, 0.001431167
-0.001018607, 5.7e-08, -1.069e-06, 0.001092494
-0.000284025, -2.66e-07, -1.069e-06, 0.000418191
0.000358169, -5.13e-07, -1.002e-06, -0.00021789
0.000901181, -5.89e-07, -1.088e-06, -0.000798503
0.000902328, -8.36e-07, -9.5e-07, -0.000941407
0.000480052, -6.08e-07, -8.41e-07, -0.000711825
0.000354875, -4.94e-07, -7.27e-07, -0.000653508
0.000561356, -5.89e-07, -8.17e-07, -0.000774339
0.000695168, -4.75e-07, -8.45e-07, -0.000783582
0.000613266, -2.66e-07, -9.45e-07, -0.000614118
4.0216e-05, -2.09e-07, -1.102e-06, 3.892e-06
-0.001041733, -3.8e-07, -1.173e-06, 0.001090938
-0.001968817, -4.37e-07, -9.88e-07, 0.002002944
-0.002178309, 0.0, -9.17e-07, 0.002217787
-0.0018369, -7.6e-08, -9.12e-07, 0.00195875
-0.001119988, -3.04e-07, -1.054e-06, 0.001323312
-0.000151845, -1.33e-07, -1.073e-06, 0.000349306
0.000768991, -3.99e-07, -1.164e-06, -0.000665014
0.001408131, -4.56e-07, -1.197e-06, -0.001451935
0.002065135, -3.42e-07, -1.126e-06, -0.002173488
0.002485701, -3.04e-07, -1.012e-06, -0.002651989
0.002052614, -5.32e-07, -8.5e-07, -0.002256944
0.001694426, -5.32e-07, -1.031e-06, -0.001820694
0.00133162, -1.14e-07, -1.168e-06, -0.001370945
0.000795758, 5.7e-08, -1.121e-06, -0.00080369
-0.000109242, -1.14e-07, -9.5e-07, 9.5185e-05
-0.00082756, -1.9e-08, -7.84e-07, 0.000839344
-0.001175358, -1.9e-08, -8.22e-07, 0.001282806
-0.001507303, 1.14e-07, -8.93e-07, 0.001678379
-0.00202104, 3.23e-07, -1.045e-06, 0.002186196
-0.002038503, 1.71e-07, -1.192e-06, 0.002228903
-0.001916731, -9.5e-08, -1.14e-06, 0.002005202
-0.001507142, 1.71e-07, -9.45e-07, 0.001436807
-0.000626888, -1.33e-07, -9.55e-07, 0.00044232
0.000480382, 9.5e-08, -1.021e-06, -0.000668147
0.0014665, 5.7e-08, -9.93e-07, -0.001606642
0.002391532, -2.66e-07, -1.14e-06, -0.002460627
0.002834505, -2.47e-07, -1.016e-06, -0.002859054
0.002315988, 1.14e-07, -8.88e-07, -0.002333633
0.001140872, -1.33e-07, -1.026e-06, -0.00117806
-5.7156e-05, -1.71e-07, -1.097e-06, 3.4925e-05
-0.00087743, -4.37e-07, -1.012e-06, 0.000968513
-0.001368741, -1.14e-07, -8.26e-07, 0.001578936
-0.001687983, 9.5e-08, -1.021e-06, 0.001892811
-0.001791889, 1.14e-07, -9.31e-07, 0.00197052
-0.002060482, 9.5e-08, -8.36e-07, 0.002158581
-0.002092923, 3.8e-08, -7.88e-07, 0.002058592
-0.001360256, -3.8e-08, -8.83e-07, 0.00125014
-0.000401199, -2.66e-07, -8.79e-07, 0.000292266
0.000481698, -3.99e-07, -9.5e-07, -0.000582898
0.001178713, -2.47e-07, -9.12e-07, -0.001291997
0.001471464, -3.61e-07, -8.41e-07, -0.001629288
0.001391925, -5.32e-07, -8.12e-07, -0.001550773
0.001186246, -3.99e-07, -9.45e-07, -0.001316532
0.001204279, 1.14e-07, -1.059e-06, -0.00124928
0.00111301, 1.71e-07, -1.021e-06, -0.001025952
0.000938146, -9.5e-08, -1.045e-06, -0.000732855
0.000404424, -3.61e-07, -9.69e-07, -0.000162209
-0.000473141, -3.42e-07, -8.93e-07, 0.000655994
-0.001159256, 1.52e-07, -7.03e-07, 0.001233623
-0.001313822, 1.14e-07, -7.5e-07, 0.001314741
-0.000963149, -3.61e-07, -7.12e-07, 0.000943323
-0.000553132, -3.42e-07, -7.98e-07, 0.000533318
-0.000159534, -1.52e-07, -9.07e-07, 9.8419e-05
-2.921e-06, -2.85e-07, -8.45e-07, -0.000139396
-7.8102e-05, -2.09e-07, -8.93e-07, -0.000142813
0.000149375, -1.33e-07, -1.002e-06, -0.00037381
0.00081498, -4.56e-07, -1.026e-06, -0.000940965
0.001252714, -3.42e-07, -9.21e-07, -0.001240736
0.00143737, -1.33e-07, -1.069e-06, -0.00129137
0.001082776, -4.75e-07, -1.026e-06, -0.000879669
0.00013234, -3.23e-07, -1.05e-06, 2.598e-06
-0.001041952, -3.8e-07, -7.84e-07, 0.001085485
-0.0014789, -6.27e-07, -6.32e-07, 0.001512288
-0.001248739, -7.79e-07, -7.41e-07, 0.001323666
-0.000672749, -4.56e-07, -8.26e-07, 0.000752825
1.9545e-05, -3.61e-07, -9.07e-07, 2.187e-05
0.000371385, -4.37e-07, -8.12e-07, -0.000383986
0.000149759, -3.61e-07, -7.12e-07, -0.000242311
2.1027e-05, -4.37e-07, -8.17e-07, -0.000195739
0.000204073, -5.32e-07, -8.79e-07, -0.000394799
0.000378942, -9.31e-07, -9.93e-07, -0.00050002
0.000317547, -6.46e-07, -1.097e-06, -0.000366818
0.000181383, -6.27e-07, -1.012e-06, -0.000182395
-0.000154248, -3.61e-07, -9.78e-07, 0.000178602
-0.000568319, -4.75e-07, -9.93e-07, 0.000621461
-0.00058751, -3.04e-07, -1.021e-06, 0.000648556
-5.9474e-05, -4.37e-07, -9.93e-07, 0.00016418
0.000261975, -5.7e-07, -9.64e-07, -0.000110313
0.000263635, -4.56e-07, -8.64e-07, -0.000111759
0.000143611, -3.99e-07, -9.5e-07, -1.893e-05
-0.000143069, -3.04e-07, -9.93e-07, 0.000144632
-0.000130663, -2.47e-07, -7.65e-07, 1.4185e-05
0.000397784, -7.6e-08, -8.26e-07, -0.00055534
0.001022328, -7.6e-08, -1.012e-06, -0.001162742
0.001284516, -7.6e-08, -1.021e-06, -0.001368489
0.001283422, -3.04e-07, -9.74e-07, -0.00131704
0.000666002, -4.94e-07, -1.021e-06, -0.000682503
-0.000450936, -5.32e-07, -9.59e-07, 0.000417203
-0.001327789, -2.85e-07, -8.22e-07, 0.001278648
-0.001620124, -9.5e-08, -8.83e-07, 0.001615065
-0.001382511, -3.99e-07, -9.31e-07, 0.001480902
-0.001091016, -2.09e-07, -8.98e-07, 0.001247141
-0.000774824, -1.71e-07, -9.31e-07, 0.000948263
-0.000746667, -4.94e-07, -8.45e-07, 0.000860469
-0.000884336, -1.71e-07, -7.79e-07, 0.000889045
-0.000409124, -4.37e-07, -7.41e-07, 0.000346209
0.000345162, -2.28e-07, -9.59e-07, -0.000438152
0.0011114, 7.6e-08, -1.045e-06, -0.001211593
0.001767715, 0.0, -9.88e-07, -0.001827353
0.002184173, 5.7e-08, -8.74e-07, -0.002222733
0.001846734, 1.71e-07, -8.88e-07, -0.001876054
0.001011544, 1.9e-07, -9.78e-07, -0.00104369
0.000178669, 1.9e-08, -9.45e-07, -0.000238295
-0.000366125, -2.66e-07, -9.97e-07, 0.000359693
-0.000868061, -5.32e-07, -9.78e-07, 0.000894016
-0.001029115, -3.8e-08, -1.183e-06, 0.001108111
-0.001132325, 3.8e-08, -1.23e-06, 0.001297189
-0.001431231, -3.42e-07, -1.092e-06, 0.001608069
-0.001635843, -9.5e-08, -1.054e-06, 0.001706405
-0.001231723, 5.7e-08, -9.07e-07, 0.001235397
-0.000755459, -1.9e-08, -1.05e-06, 0.00069076
3.0622e-05, -4.37e-07, -1.092e-06, -0.000132634
0.001289755, -1.9e-07, -1.002e-06, -0.00137636
0.00197299, -4.75e-07, -9.59e-07, -0.002030958
0.001704325, -1.71e-07, -8.17e-07, -0.001768924
0.001288231, -1.9e-08, -8.03e-07, -0.001386847
0.001034461, -3.8e-08, -9.88e-07, -0.001149882
0.000669873, -2.47e-07, -9.74e-07, -0.000720938
0.000478076, -4.56e-07, -9.74e-07, -0.000437048
0.00039553, -3.42e-07, -9.78e-07, -0.000261205
-0.000273262, -4.56e-07, -8.88e-07, 0.000472509
-0.001616224, -3.8e-08, -9.45e-07, 0.001749892
-0.002239488, -5.7e-08, -9.17e-07, 0.002264633
-0.002226491, 1.14e-07, -9.26e-07, 0.002202756
-0.001935336, 1.9e-07, -9.55e-07, 0.001878709
-0.000842512, 1.9e-08, -1.092e-06, 0.000775185
0.000790139, -1.71e-07, -1.078e-06, -0.00078779
0.001658753, 1.71e-07, -1.088e-06, -0.00164079
0.001575863, -1.9e-08, -8.98e-07, -0.001651273
0.00163452, -1.9e-07, -9.64e-07, -0.001750827
0.001439904, -1.71e-07, -1.04e-06, -0.001542501
0.000638126, -2.47e-07, -1.083e-06, -0.000742029
0.000312989, -2.28e-07, -1.078e-06, -0.000357953
7.854e-06, -3.04e-07, -9.26e-07, 4.7008e-05
-0.000694133, -1.71e-07, -8.55e-07, 0.000827995
-0.00142329, 1.9e-08, -1.073e-06, 0.001523367
-0.0015744, -3.61e-07, -1.007e-06, 0.001630877
-0.001660504, -3.8e-08, -9.88e-07, 0.001733153
-0.001689157, -2.85e-07, -1.045e-06, 0.001753599
-0.000920496, -2.47e-07, -8.6e-07, 0.000932311
9.917e-06, -5.13e-07, -1.05e-06, 2.737e-05
0.000385551, -5.51e-07, -9.17e-07, -0.000367255
0.000816196, -1.71e-07, -9.26e-07, -0.00089831
0.001474383, -1.71e-07, -9.12e-07, -0.001621679
0.001573408, -2.85e-07, -1.083e-06, -0.001718173
0.001483768, -1.9e-07, -1.078e-06, -0.001606409
0.001672136, -3.99e-07, -9.83e-07, -0.001724568
0.001449888, -2.09e-07, -9.69e-07, -0.001405062
0.000506971, -1.14e-07, -7.98e-07, -0.000432113
-0.00018481, -2.28e-07, -7.65e-07, 0.00025813
-0.000656871, -7.6e-08, -9.12e-07, 0.000743782
-0.0013672, -1.14e-07, -9.45e-07, 0.001456944
-0.001862047, -2.47e-07, -1.064e-06, 0.00191765
-0.001578393, -3.04e-07, -1.035e-06, 0.001635622
-0.001294773, -3.23e-07, -9.59e-07, 0.001366875
-0.001076686, -5.7e-08, -9.17e-07, 0.001068906
-0.000575531, -1.71e-07, -9.21e-07, 0.00045342
-8.5134e-05, -3.04e-07, -8.6e-07, -5.9861e-05
0.000292081, -1.33e-07, -9.74e-07, -0.00040758
0.000850164, -3.23e-07, -9.74e-07, -0.000983758
0.001470604, -4.56e-07, -8.12e-07, -0.001559954
0.00152866, -3.61e-07, -7.03e-07, -0.001482486
0.001001446, -2.85e-07, -6.27e-07, -0.000924246
0.000600862, -3.99e-07, -7.5e-07, -0.000559192
0.00027378, -1.52e-07, -8.74e-07, -0.000233241
6.3107e-05, 7.6e-08, -9.78e-07, 3.4911e-05
0.000112146, -2.09e-07, -1.002e-06, -4.678e-06
0.000272892, -2.66e-07, -9.07e-07, -0.000156763
0.000218704, -3.99e-07, -9.21e-07, -5.0487e-05
-0.000304556, -6.27e-07, -9.02e-07, 0.000413971
-0.000968122, -3.8e-07, -9.69e-07, 0.000922263
-0.001650612, -3.42e-07, -1.197e-06, 0.001464572
-0.001824691, -5.51e-07, -1.168e-06, 0.001606846
-0.001347296, -9.5e-08, -1.164e-06, 0.001173365
-0.000906705, -3.8e-08, -1.073e-06, 0.000744304
-0.000402427, -1.9e-08, -1.111e-06, 0.000309213
7.2814e-05, -7.6e-08, -9.78e-07, -4.5978e-05
0.000311272, -1.14e-07, -9.5e-07, -0.000229073
0.000688319, -2.09e-07, -9.31e-07, -0.000602797
0.001269457, -4.56e-07, -9.21e-07, -0.001151236
0.001800785, -4.18e-07, -9.88e-07, -0.001614754
0.001758926, -1.71e-07, -9.17e-07, -0.001540447
0.001784828, -1.71e-07, -8.5e-07, -0.001630034
0.00156434, -4.56e-07, -9.78e-07, -0.001487542
0.000758748, -3.99e-07, -8.26e-07, -0.000792723
1.646e-06, -2.85e-07, -9.69e-07, -0.000174646
-0.000210934, -1.14e-07, -1.031e-06, -2.4024e-05
-0.000120993, -2.47e-07, -8.07e-07, -4.7861e-05
-0.000235478, -3.61e-07, -7.79e-07, 0.000169438
-0.00068422, -3.8e-08, -9.36e-07, 0.000623924
-0.001375616, 1.9e-08, -9.55e-07, 0.001314706
-0.002478009, 0.0, -7.88e-07, 0.002421738
-0.002880255, -3.8e-08, -9.31e-07, 0.002852091
-0.00232334, 9.5e-08, -8.79e-07, 0.0023504
-0.001617193, -1.71e-07, -8.5e-07, 0.001703038
-0.000563776, -1.9e-07, -7.98e-07, 0.000717169
0.000668876, 1.9e-08, -8.83e-07, -0.000482923
0.001607615, 3.04e-07, -1.035e-06, -0.001461174
0.002083621, -5.7e-08, -9.64e-07, -0.002001414
0.002322476, -2.47e-07, -9.59e-07, -0.002321922
0.002187854, -5.7e-08, -9.64e-07, -0.002275161
0.001594435, 7.6e-08, -8.93e-07, -0.001729216
0.001080028, -1.14e-07, -9.02e-07, -0.001235435
0.00075985, 2.28e-07, -8.07e-07, -0.000880857
0.000106969, -1.71e-07, -9.55e-07, -0.000204553
-0.000719335, -5.7e-08, -1.092e-06, 0.000628793
-0.001216023, -5.7e-08, -1.069e-06, 0.001191685
-0.001782579, -1.14e-07, -1.107e-06, 0.001842436
-0.002276004, -1.9e-08, -1.031e-06, 0.00237995
-0.002149124, -9.5e-08, -1.064e-06, 0.002284442
-0.001522678, 0.0, -9.93e-07, 0.001679218
-0.001086659, -9.5e-08, -8.6e-07, 0.001229115
-0.000435096, -3.42e-07, -9.64e-07, 0.000494741
0.000594718, -9.5e-08, -1.002e-06, -0.000635502
0.001319208, 1.33e-07, -9.07e-07, -0.001408964
0.001767052, -1.33e-07, -1.012e-06, -0.001886183
0.002338872, -3.23e-07, -9.97e-07, -0.002457392
0.002674866, 9.5e-08, -1.126e-06, -0.002771552
0.002264441, 1.9e-07, -1.007e-06, -0.002335488
0.001516123, 3.42e-07, -1.078e-06, -0.001560731
0.000530858, 1.9e-08, -1.164e-06, -0.000577282
-0.000632041, -1.14e-07, -1.197e-06, 0.000629968
-0.00152772, -1.14e-07, -1.154e-06, 0.001607055
-0.002236522, -1.9e-08, -9.26e-07, 0.002359068
-0.002878965, -1.33e-07, -1.031e-06, 0.003006444
-0.003138722, -5.7e-08, -1.102e-06, 0.003216356
-0.002767985, 7.6e-08, -1.021e-06, 0.002780634
-0.001619967, 3.42e-07, -9.07e-07, 0.001633007
-0.000294484, -5.7e-08, -9.26e-07, 0.000328725
0.000982592, -2.09e-07, -1.097e-06, -0.00095187
0.001922732, -5.7e-08, -1.092e-06, -0.001904838
0.00212786, 1.33e-07, -1.23e-06, -0.002178414
0.001981734, -2.66e-07, -1.206e-06, -0.002142838
0.001995114, -2.85e-07, -1.035e-06, -0.002188569
0.001768641, -9.5e-08, -8.83e-07, -0.001921657
0.001505068, -2.28e-07, -9.69e-07, -0.001567988
0.001259846, -2.66e-07, -1.04e-06, -0.001222658
0.000658965, 5.7e-08, -9.5e-07, -0.000554307
-0.000388733, -5.7e-08, -7.98e-07, 0.000525227
-0.001283887, -3.42e-07, -9.97e-07, 0.001459604
-0.001937989, -3.99e-07, -9.5e-07, 0.002096169
-0.002318298, -4.18e-07, -8.45e-07, 0.00242038
-0.002141339, -4.37e-07, -7.84e-07, 0.002176039
-0.00174057, -2.09e-07, -8.83e-07, 0.001697568
-0.001371517, -1.9e-07, -1.107e-06, 0.001254541
-0.000713469, -2.28e-07, -1.007e-06, 0.000545834
0.000230778, -2.66e-07, -1.116e-06, -0.000418267
0.001072538, -2.66e-07, -1.078e-06, -0.001232091
0.001579492, -6.84e-07, -8.93e-07, -0.001683953
0.001992915, -4.75e-07, -8.45e-07, -0.002053308
0.002305612, -4.75e-07, -9.26e-07, -0.00227855
0.002109305, -6.84e-07, -9.5e-07, -0.00195381
0.00138399, -3.23e-07, -1.021e-06, -0.001184218
0.000543796, -2.47e-07, -1.092e-06, -0.000335888
-0.000517589, -5.32e-07, -8.5e-07, 0.00070718
-0.001575379, -4.18e-07, -7.88e-07, 0.001690263
-0.001865337, -3.99e-07, -9.17e-07, 0.001902708
-0.001704985, -6.08e-07, -8.07e-07, 0.001685834
-0.001255818, -7.6e-07, -8.31e-07, 0.001198064
-0.000672155, -3.23e-07, -9.5e-07, 0.000592818
-0.000147636, -3.8e-07, -1.05e-06, 2.7667e-05
-0.000161137, -3.23e-07, -1.007e-06, -2.562e-05
-0.000255964, -1.71e-07, -9.5e-07, 4.6493e-05
1.831e-05, -1.71e-07, -9.45e-07, -0.000206509
0.000424233, -1.52e-07, -9.5e-07, -0.000542107
0.000883377, -7.6e-08, -8.22e-07, -0.000899153
0.001209974, -2.47e-07, -7.93e-07, -0.001101478
0.000928732, -2.66e-07, -9.69e-07, -0.000749002
5.4214e-05, -3.23e-07, -9.93e-07, 0.000112721
-0.001071205, -3.8e-07, -9.83e-07, 0.001160548
-0.001522355, -4.37e-07, -8.17e-07, 0.00157095
-0.001190949, -4.75e-07, -9.36e-07, 0.001251966
-0.000324697, -3.42e-07, -1.026e-06, 0.000383464
0.001063698, -2.09e-07, -1.102e-06, -0.001011228
0.002025534, -1.9e-07, -9.93e-07, -0.001972032
0.002154779, -3.04e-07, -9.45e-07, -0.002180302
0.001631255, -1.14e-07, -1.069e-06, -0.001774146
0.00100179, -2.85e-07, -9.36e-07, -0.001202973
0.000426123, -4.94e-07, -9.07e-07, -0.000584432
